gene_name CTL_gene_expr1 CTL_gene_expr2 M3KD_gene_expr1 M3KD_gene_expr2 untreated_IP1 untreated_IP2 treated_IP1 treated_IP2
ZBTB33 947 745 467 404 1.88 2.02 1.34 1.48
POM121C 2533 2126 3783 3844 0.63 0.51 0.95 0.88
HDAC6 1147 1000 1654 1649 1.37 1.12 0.69 0.67
TROAP 2158 1938 2273 2368 1.35 1.32 1.14 0.98
MTRNR2L1 81801 69717 57878 57581 0.21 0.15 0.62 0.65
MTRNR2L2 363792 295880 269697 263612 0.43 0.44 0.86 0.85
MTRNR2L8 366305 298036 292579 285993 0.22 0.19 0.55 0.54
ZNF865 663 604 787 861 3.93 3.62 3.36 3.17
ABCC9 4634 3915 3299 3224 0.78 0.6 0.93 0.94
SCAMP3 1188 1018 888 860 0.26 0.24 0.26 0.31
HUWE1 16989 14393 18359 18260 0.21 0.21 0.21 0.21
TSSC4 230 236 297 310 1.87 1.7 1.09 1.24
ARPC5 2388 2059 1758 1675 0.14 0.12 0.15 0.17
TSPAN3 2561 2151 1865 1730 1.36 1.52 0.97 1.07
PYURF 481 367 309 288 2.81 3.09 2.28 2.03
NUBP2 848 677 987 1015 1.64 1.74 0.52 0.51
CTDSP2 2603 2278 3793 3674 2.09 2.27 1.75 1.79
KIF20A 5700 4784 4050 3958 0.14 0.2 0.31 0.31
HIPK3 1048 915 1676 1624 1.84 2.03 1.23 1.32
FEM1B 770 592 536 489 0.77 0.77 0.62 0.68
ACTR1A 1640 1436 1753 1793 1.68 1.89 1.2 1.02
ARL4A 187 171 119 124 2.88 2.59 2.89 2.94
RBM12 1755 1464 1104 1090 1.13 1.12 1.18 1.22
ABI2 1101 967 800 775 0.31 0.48 0.6 0.63
SERF2 1298 1125 1020 1017 0.59 0.57 0.75 0.73
TSHZ1 1863 1644 2904 2939 1.64 1.67 0.83 0.92
CDK6 2309 2010 1505 1477 1.46 1.44 0.89 1
GDF11 777 623 1005 998 1.62 1.73 2.08 2.06
HNRNPR 6386 5348 3951 3820 1.55 1.46 1.13 1.01
RABEPK 712 636 566 538 1.19 1.41 0.45 0.5
CDK9 1228 1109 1560 1535 2.06 1.86 1.23 1.24
SF3B4 1692 1442 1972 2114 1.3 1.4 0.76 0.65
CDK2AP2 544 476 651 703 1.2 1.26 0.43 0.32
ADAR 7472 6439 9234 9130 1.63 1.56 1.55 1.62
CDKN2C 632 520 899 926 2.07 2.28 1.7 1.62
TFG 4087 3482 4038 4057 0.73 0.68 0.25 0.23
MICU1 808 707 985 910 2.36 2.23 1.62 1.78
CITED2 402 361 564 613 1.48 1.51 1.01 0.85
TUBA1B 43733 37402 32632 32146 0.38 0.32 0.44 0.52
MYL12B 1818 1612 1082 1069 0.15 0.11 0.17 0.17
BASP1 19684 16602 23538 23991 2.28 2.27 2.27 2.24
IFITM3 5161 4536 3786 3988 0.65 0.65 0.72 0.67
SPON2 361 364 497 545 1.9 2.03 1.34 1.39
CD2BP2 829 717 933 942 2.59 2.52 1.92 1.83
PGRMC2 1064 858 528 511 1.94 2.13 2.04 2.09
RBM14 1529 1244 1201 1197 0.32 0.31 0.16 0.17
TIMM17A 971 787 362 385 2.21 2.23 2.4 2.32
TAB1 805 707 965 970 2.16 2.23 1.63 1.61
SLC30A9 1676 1408 1165 1209 0.97 1 0.63 0.58
CAP2 885 751 628 615 0.24 0.01 1.14 1.38
LRRC41 1039 954 1205 1209 1.95 2.05 1.45 1.47
SYNCRIP 4520 3716 3573 3457 1.7 1.49 1.22 1.16
CEBPB 1493 1260 1115 1257 1.83 1.83 1.48 1.29
IPO7 6687 5405 4234 4048 1.43 1.27 0.86 0.82
PITRM1 2078 1777 1448 1495 1.94 1.87 2.34 2.2
CEBPG 766 662 606 555 2.3 2.23 2.61 2.78
PROCR 1372 1239 900 867 1.35 1.09 1.18 1.52
TM9SF1 268 231 397 410 1.58 1.71 1.2 1.21
AGPAT1 827 625 852 850 0.44 0.54 0.21 0.27
AGPAT2 789 657 1196 1135 1.47 1.46 0.84 0.96
TACC2 865 752 1236 1320 0.12 0.11 0.1 0.09
CENPB 1089 1026 1532 1597 2.28 2.02 1.49 1.33
TRIM16 3084 2708 1683 1700 2.38 2.18 1.44 1.34
CENPF 14045 11772 11744 11359 1.08 1.06 1.16 1.09
GAS2L1 804 680 1072 1046 2.62 2.71 2.2 2.23
IGF2BP2 1019 846 1107 1204 1.12 0.98 2.75 1.51
YKT6 2500 2152 2641 2764 1.29 1.3 0.75 0.72
GNA13 1287 1103 822 794 2.16 2.17 2.4 2.71
EBP 2360 2096 1865 1852 0.33 0.31 0.5 0.53
CNPY3 839 711 986 985 2.61 2.8 2.03 2.12
CFL1 8657 7489 8802 8651 0.63 0.55 0.6 0.57
SLC12A7 4069 3558 5160 5245 1.96 2.14 1.45 1.51
RAI1 2806 2525 4073 4159 2.64 2.4 1.89 1.84
MAP3K2 979 812 658 578 2.41 2.18 1.67 1.51
KIF1C 7882 6724 10068 9994 0.96 1.09 0.63 0.64
GIPC1 2249 1929 2885 3043 1.1 1.14 0.7 0.58
ZBTB6 392 298 174 168 1.16 0.66 1.98 2.19
SRCAP 2529 2247 4023 3972 1.97 1.91 1.78 1.82
PPARGC1A 1143 911 852 874 1.79 1.5 2.59 1.96
MALT1 947 777 591 561 1.3 1.12 1.68 1.2
JTB 1663 1316 1083 1204 1.71 1.31 0.68 0.63
PNPLA6 1973 1690 1993 2071 2.38 2.69 1.12 1.32
TCERG1 4556 3889 3823 3802 1.15 1.3 0.74 0.72
MAGED2 4583 3868 5127 4996 0.09 0.14 0.2 0.24
RALBP1 1275 1128 1380 1338 1.99 1.77 1.33 0.81
HNRNPA0 3452 2939 3641 3862 2 1.99 1.25 1.32
STIP1 8300 6939 8012 7917 0.52 0.82 1 0.9
ASCC3 1936 1609 1142 1141 1.06 1.03 1.23 1.29
UQCR11 919 802 529 610 0.27 0.27 0.59 0.56
PAPD7 2424 2025 2679 2622 2.63 2.59 2 2.13
ADRM1 4523 4097 5043 5161 1.37 1.46 2.24 1.94
CHD1 2525 2102 2075 2049 2.52 1.95 2.39 2.47
TPPP 1030 933 1659 1686 0.61 0.85 1.05 1.01
RER1 807 671 637 540 1.28 1.56 0.25 0.58
CHD4 10783 9331 15508 15566 0.78 0.73 0.14 0.28
DNAJB4 469 388 158 149 1.26 1.15 1.44 1.38
DIDO1 5033 4353 6886 6903 1.85 2.08 1 1.11
CIT 2912 2483 3151 3100 1.62 1.4 0.77 0.33
BTN3A2 1778 1591 1221 1259 2.43 2.42 2.27 2.35
BTN2A1 702 582 853 792 1.67 1.53 1.61 1.82
ZWINT 1320 1103 2076 1967 1.53 1.45 1.67 1.54
CDC42EP1 1354 1270 2156 2233 1.5 1.44 0.66 0.74
KAT7 1211 1089 1688 1666 1.74 1.26 0.79 0.82
HHLA3 300 264 366 368 1.4 1.28 0.86 0.67
BAZ2A 5745 4917 7465 7588 1.37 1.46 0.92 1.01
WDR6 2777 2510 3628 3594 1.36 1.26 0.8 0.96
NISCH 2548 2240 3289 3308 1.86 1.8 1.18 1.19
CEP250 3714 3211 6052 6288 1.79 2.15 1.03 0.94
AKAP13 3168 2776 4690 4667 2.11 2.14 1.48 1.48
CHML 1499 1294 697 641 1.52 1.61 1.69 1.55
RASSF8 3104 2511 1691 1750 0.32 0.35 0.37 0.34
RNF139 307 270 109 119 2.89 3.64 1.76 1.7
PRKCDBP 224 160 282 282 1.49 1.61 0.65 0.67
DTD2 552 461 332 340 2.46 2.11 3 2.92
MAN1B1 2299 1961 2594 2754 0.38 0.73 0.87 0.83
NRM 674 569 1075 1034 2.01 1.9 1.37 1.35
WDR89 302 224 185 182 2.29 2.74 3.15 2.95
NACC1 3693 3303 4912 4955 1.79 1.75 1.36 1.2
RPUSD1 576 527 798 824 1.04 1.36 0.71 0.42
PLCD3 2748 2315 3726 3789 1.85 1.94 1.33 1.2
AHNAK2 10237 8848 20284 20500 1.87 1.84 1.53 1.54
COPE 1876 1672 2039 2041 0.65 0.62 0.73 0.7
LARP4 1798 1611 1113 1033 1.71 1.8 1.84 1.92
SYNPO 2345 1989 3849 3996 1.5 1.53 1.1 1.14
LACTB 399 328 238 233 2.63 2.48 3.34 2.74
PALM2 281 285 150 178 1.36 0.92 1.65 1.79
GPRIN1 497 364 915 921 1.61 1.86 1.95 1.93
LENG8 4519 3989 4502 4630 1.92 1.71 1.69 1.84
C1QTNF6 1657 1350 3033 2957 2.25 2.27 1.79 1.81
VASN 560 484 720 780 2.15 2.2 1.67 1.67
CCDC124 2436 2187 2747 2809 0.95 0.82 0.57 0.34
UHRF2 1004 811 691 668 2.42 2.09 1.11 1.18
ALPK2 917 850 1180 1189 1.68 1.14 2.03 2.1
LYSMD3 458 396 301 292 2.25 2.11 2.4 2.31
AGAP1 1614 1495 1935 1967 2.44 2.56 1.87 1.95
AP2M1 3979 3385 4465 4586 0.26 0.37 0.43 0.43
AP1S1 827 769 560 591 0.21 0.21 0.39 0.26
CLU 122322 105521 118046 119085 0.48 0.49 0.37 0.37
CLIC1 4561 4027 3764 3904 1.1 1.07 0.9 0.72
TPP1 1009 819 1029 1056 0.29 0.3 1.07 0.99
ARL14EP 243 192 110 110 0.6 0.65 0.88 1.08
ZNF641 303 307 401 386 2 1.82 1.95 2.33
PAQR4 760 631 920 965 2.58 2.76 2.07 2.11
CDYL2 880 741 1209 1106 1.59 1.29 0.75 0.79
CANT1 864 765 1256 1218 2.3 2.21 1.66 1.56
HEXIM2 229 206 364 341 1.83 1.44 2.06 2.16
RAVER1 1133 956 1530 1635 1.27 1.36 0.88 0.7
ZNF441 120 97 49 67 0.78 0.55 2.02 1.34
ZNF787 803 695 949 995 1.62 1.84 1.15 1.11
MISP 1617 1458 2528 2601 0.38 0.86 1.06 1.14
CCSAP 629 504 399 349 0.55 0.88 1 1.1
TSHZ2 4591 3941 5751 5769 0.4 0.59 0.76 0.71
COL5A1 15320 13290 19369 19610 2.15 2.22 2 1.96
TRABD2A 1109 946 762 718 1.63 1.68 1.79 1.79
CRYBG3 508 411 579 552 1.85 1.07 1.99 5.25
KLF6 630 566 688 727 2.02 1.92 1.56 1.36
AASDH 243 207 143 132 1.56 1.91 2.41 2.32
NADK2 1035 876 733 652 1.83 1.85 2.32 2.18
COX6A1 5974 5144 3965 3962 0.98 1.08 0.74 0.75
NUDCD2 343 279 207 221 0.38 0.36 0.46 0.42
COX11 678 635 365 371 0.21 0.21 0.32 0.26
MPLKIP 904 700 679 673 1.42 1.33 1.63 1.57
HGSNAT 607 488 797 787 1.96 1.67 2.18 2.52
CRAT 1459 1273 2332 2402 1.69 1.74 0.85 0.9
CREBBP 2195 1863 4221 4115 2.16 2.44 1.84 1.92
CREM 706 621 438 457 2.22 2.05 0.94 1.12
AMER1 695 574 780 814 1.28 1.27 1.72 1.92
CRKL 2176 1834 1720 1661 1.42 1.49 1.88 1.6
CRMP1 729 626 884 830 1.21 1.21 1.55 1.65
ASB6 1198 1032 1395 1592 2.28 2.25 2.04 1.95
ZNF358 652 599 1016 958 1.01 1.01 0.5 0.51
ZBTB46 455 389 811 814 1.5 1.88 1.43 1.2
SOGA1 2617 2212 4421 4573 2.06 2.07 1.3 1.24
RIMS4 1043 929 1678 1667 1.91 1.76 0.86 0.93
SRXN1 977 854 537 537 2.43 2.42 2.47 2.54
ZNF664 3236 2773 2022 1987 1.6 1.6 1.45 1.4
KRT80 1651 1441 1328 1319 2.4 2.32 1.89 1.81
CSNK1D 2809 2459 3854 3889 0.84 1.42 1.53 1.71
CSNK1G2 2067 1919 2680 2728 2.12 2.06 1.46 1.58
C15orf65 61 50 26 24 1.71 1.67 2.62 2.42
CSPG4 212 164 571 598 2.86 2.79 1.38 1.59
CSRP1 2948 2474 1793 1761 1.19 1.24 0.78 0.84
KIF18B 3424 2980 3497 3457 1.09 1.12 0.68 0.63
PROCA1 200 136 286 284 1.39 1.76 2.4 2.49
CST3 773 663 946 1005 1.17 1.08 0.26 0.32
NOTUM 260 245 375 336 1.5 1.37 0.83 0.63
TMEM99 165 146 98 107 2.43 2.34 1.36 1.56
ZNF420 77 80 24 22 1.5 1.51 3.96 10.48
TICAM1 532 488 710 771 0.46 0.45 0.37 0.36
ZNF555 564 504 422 445 2.32 2.33 2.67 3.08
LOC148413 507 372 651 729 2.08 2.22 1.59 1.41
CTBP1 2659 2170 3558 3636 1.34 1.33 1.2 1.01
CTBP2 1314 1112 1334 1389 1.42 1.39 1.53 1.35
RNF187 2652 2321 3309 3477 0.79 0.84 0.24 0.16
CTNS 361 305 424 430 1.13 0.98 1.32 1.48
SIK1 11961 10320 11628 11596 1.71 1.73 1.5 1.47
CCDC117 808 675 590 553 1.5 1.45 1.78 1.78
SGOL2 526 481 266 260 1.23 1.02 1.54 1.35
PPP4R2 674 508 464 470 0.72 0.54 1.31 1.26
CUX1 4696 4016 5592 5597 1.44 1.31 0.8 0.83
DAB2IP 1772 1530 2148 2271 1.1 1.09 0.5 0.66
SRFBP1 455 326 311 300 0.64 0.58 0.69 0.69
RNF145 1208 978 842 770 1.94 1.93 1.89 2.04
ZNF746 563 454 677 623 1.9 2.27 2.16 2.63
SGK223 418 395 580 608 0.96 1.17 0.71 0.7
CDCA2 937 764 711 695 2.27 2.08 2.4 2.35
ESCO2 376 331 279 249 1.49 1.27 1.65 1.47
CAMSAP1 2220 1829 3109 3159 0.14 0.17 0.1 0.09
ZXDB 1152 1003 826 863 2.99 3.2 3.46 3.33
ADSS 1112 920 511 486 0.79 0.67 1.53 2.28
DAG1 7338 6123 9659 9843 0.21 0.21 0.18 0.18
DENND5B 1176 987 1658 1660 1.91 1.54 2.46 2.81
PPTC7 529 440 238 281 2.77 2.73 2 1.5
DAP 4361 3801 5633 5595 0.49 0.35 0.51 0.44
NOP9 417 351 541 545 1.17 1.49 0.14 0.23
DAXX 2284 1966 2907 2961 1.13 1.12 1.18 1.13
ZFPM1 243 192 395 434 1.35 1.98 0.57 0.3
SLFN5 345 278 448 481 2.21 2.08 2.56 2.18
DBP 935 848 1200 1240 1.91 1.56 1 0.86
TOR1AIP2 3319 2863 2872 2787 2.94 2.77 3.15 3.29
DDX3X 7386 6195 5229 5221 1.73 1.71 1.36 1.33
RNF168 633 543 470 471 2.17 2.11 2.78 2.83
AES 7182 6278 8791 8952 0.45 0.5 0.42 0.45
ZNF384 1654 1433 2069 2149 2.08 1.96 1.24 1.21
RHOV 1225 1079 1266 1320 2.11 2.04 1.71 1.73
DSTNP2 239 182 162 138 1.72 1.69 1.99 1.99
DHCR7 2260 2026 1600 1653 1.42 1.58 0.66 0.61
DHCR24 4796 4132 5059 5006 0.49 0.65 0.19 0.16
DIAPH1 5602 4873 7229 7249 1.31 1.15 0.75 0.66
DLX1 223 174 271 277 2.39 2.53 1.55 1.55
DLX3 47 39 157 173 3.54 4.35 2.34 2.28
DMWD 511 423 710 710 2.47 2.41 1.85 1.75
DYNC1H1 13155 11242 16632 16522 1.2 1.17 0.86 0.83
DNMT3A 520 416 681 662 1.34 1.09 1.56 1.55
DR1 986 932 355 362 0.12 0.11 0.12 0.13
ATN1 5142 4680 7348 7666 1.12 1.1 0.68 0.6
DSP 16118 13635 22746 22073 1.13 1.07 1.15 1.12
SLC26A2 1020 896 645 600 3.47 3.13 2.36 2.58
DUSP1 1238 1023 781 791 1.28 1.09 0.58 0.41
DUSP7 472 455 612 610 1.44 1.33 1.32 1.2
E2F1 1604 1397 2593 2611 1.83 2.28 1.19 1.2
ECE1 3549 3001 5081 5085 1.46 1.53 1.19 1.02
S1PR3 1016 904 1127 1055 2.91 2.99 2.21 2.36
PHC2 923 801 1156 1046 1.3 1.53 0.75 0.76
EEF2 81603 70754 94966 95698 1.07 1.05 0.86 0.88
MEGF8 865 810 1402 1438 1.77 1.65 0.96 0.96
MEGF9 3772 3189 2034 2005 2.23 2.21 2.25 2.21
ARID2 2189 1772 2600 2560 2.52 2.52 2.57 3.07
EIF2B1 1357 1153 887 1032 2.03 1.97 2.28 1.97
EPHA2 835 741 922 942 2.93 2.62 1.72 1.82
ELF1 379 327 157 183 2.2 1.54 2.89 2.83
TXLNA 2503 2197 3423 3458 2.03 1.83 1.3 1.25
ELK1 1079 945 1424 1444 1.5 1.52 0.85 0.88
CTTN 3740 3241 4302 4312 1.31 1.36 0.79 0.72
ENSA 2314 1945 2327 2338 0.54 0.17 0.63 0.71
TMEM184A 514 456 637 650 1.15 1.37 1.75 1.41
R3HCC1 505 473 700 776 0.62 0.61 0.4 0.41
EP300 2321 2101 3896 3809 2.23 2.32 1.79 1.9
EPB41L1 2567 2297 3304 3256 0.16 0.24 0.07 0.13
AK2 4531 3950 3106 3056 1.18 1.3 1.91 1.63
EPHB4 2366 2035 2912 3040 1.15 1.35 0.78 0.55
KIAA2018 1154 972 1292 1273 1.2 1.3 1.72 1.8
NR2F6 1905 1609 2332 2326 2.16 2.16 1.51 1.59
ERF 1138 1033 1729 1612 1.2 0.97 0.42 0.64
ERG 263 228 156 169 2.17 2.09 2.44 2.52
AKT2 2152 1893 2378 2435 1 0.94 0.29 0.31
ABCA3 891 770 1233 1275 1.05 0.75 1.43 1.64
ETF1 4080 3433 2774 2562 2.3 2.42 1.74 1.94
ETS2 2466 2170 1958 1958 2.28 2.12 2.48 2.26
ETV3 240 178 315 324 3.22 3.54 2.42 2.4
EXTL2 312 246 148 144 2.79 2.98 3.31 4.07
ABCD1 1348 1176 2187 2354 1.15 1.02 0.68 0.53
BPTF 4317 3682 5629 5392 0.93 0.52 1.13 1.52
ALDH1B1 1124 883 869 862 0.71 0.73 0.79 0.88
FAT1 3539 3106 4892 4779 2.48 2.23 2.31 2.16
FBN2 2511 2150 1987 2035 2.22 2.12 1.34 1.74
SLC16A9 272 220 101 87 1.48 1.72 1.73 2.47
HNRNPA3 5780 4861 3947 3669 1.11 1.16 1.91 1.97
ALDH3B1 1764 1482 2013 2041 2.26 2.24 1.11 1.22
C6orf223 529 491 735 706 1.96 1.82 1.31 1.35
RNF182 5195 4347 3482 3227 2.56 2.57 2.6 2.68
ZSCAN25 364 331 445 436 1.2 1.67 1.72 1.78
BRAT1 1444 1237 2141 2251 2.45 2.38 1.67 1.75
SRRM3 276 243 472 508 2.56 2.52 1.96 1.85
LRWD1 395 379 480 513 2.42 2.59 1.67 1.14
FDPS 4750 4178 3971 3893 0.13 0.11 0.16 0.16
SLC29A4 410 330 917 944 2.2 2.46 1.55 1.68
FGFR1 649 568 763 762 1.49 1.68 0.78 0.72
CASC3 1545 1243 1706 1834 0.65 0.72 0.02 0.14
MRAS 1143 991 1612 1560 1.42 1.33 1.56 1.32
ATF5 402 296 513 543 0.3 0.32 0.35 0.46
HSPA4L 1181 956 778 675 1.16 0.99 1.2 1.49
PUF60 2227 1875 2377 2338 2.17 2.15 1.51 1.52
COBLL1 268 224 329 353 0.34 0.37 0.39 0.39
DLGAP4 1690 1452 1912 1894 2.4 2.4 1.68 1.72
ZNF507 1177 992 721 736 1.69 1.74 2.4 2.38
LMTK2 2903 2455 4122 4236 0.15 0.15 0.11 0.09
FNDC3A 2936 2267 2004 1829 1.36 1.33 0.81 0.91
SEC31A 4034 3464 4291 4270 2.35 2.06 1.67 1.33
CLSTN1 4059 3490 5794 5681 1.08 1.21 0.6 0.68
KIAA0907 1942 1630 1563 1598 1.71 1.53 2.47 2.17
BTBD3 2114 1873 1245 1245 2.17 2.05 2.18 2.24
DHX30 4207 3562 4445 4416 1.78 1.81 1.24 1.33
ATF6 3147 2621 2389 2425 2.45 2.6 2.62 2.73
RAB18 836 697 627 636 0.9 1.17 1.33 1.24
FOXC1 747 666 930 963 2.3 2.22 2.15 2.1
ACIN1 6871 6087 8108 8169 0.35 0.35 0.97 0.81
KDM2A 1850 1602 2239 2257 1.37 1.46 1.68 1.35
CEP152 1369 1129 954 880 1.94 1.94 2.63 2.41
ABCF1 5112 4251 6357 6349 2.91 2.96 2.63 2.45
SPEN 2941 2470 4358 4400 1.71 1.61 1.02 0.97
FBXO21 1238 1107 1025 1019 2.47 2.39 2.82 2.66
FOXC2 461 418 957 951 1.58 1.68 1.15 1.31
ZNF292 786 652 574 613 0.76 0.81 0.33 0.37
PDXDC1 3122 2745 3639 3540 2.27 2.17 1.73 1.45
SMG1 5509 4587 4694 4418 2.33 2.37 2.46 2.53
FOXM1 4648 3997 7328 7513 1.67 1.82 1.25 1.16
ZHX3 2015 1782 2338 2250 1.47 1.49 0.76 0.85
NCOA6 3000 2636 5166 5051 1.54 1.46 0.99 1.05
ZNF609 2613 2154 3688 3557 2.28 2.34 1.71 1.52
SETD1B 1870 1624 2568 2592 2.3 2.26 1.68 1.67
HECW1 659 606 871 937 0.47 0.35 0.22 0.19
ERC1 2100 1788 4792 4621 2.14 1.77 1.73 1.79
PEG10 4783 4245 8031 7806 1.4 1.54 1.68 1.86
FOXO3 1095 902 1199 1164 1.32 1.11 1.62 1.52
ZC3H13 3690 3016 3701 3581 1.27 1.26 1.68 1.5
KIF1B 2792 2309 2898 2772 1.15 1.33 1.5 1.64
TBC1D2B 925 815 1304 1253 0.25 0.27 0.26 0.3
MRPS27 2367 2094 1693 1737 1.41 1.34 0.59 0.61
TAB2 1685 1399 1280 1287 0.88 0.92 0.91 0.9
HIC2 210 178 413 366 2.02 1.42 2.25 2.48
GPATCH8 2954 2449 3723 3636 2.07 2.01 1.54 1.58
EPB41L3 2290 1990 2871 2912 0.98 0.67 1.12 0.93
MAST2 1620 1389 2296 2309 1.59 1.7 1.06 1.03
TBC1D9 533 418 689 747 1.85 2.04 2.68 2.1
FLNA 42999 37630 55476 56445 1.7 2.1 0.93 1.22
SEPT8 2037 1811 2643 2763 1.98 1.8 1.44 1.31
KANK1 811 705 984 910 0.64 0.76 0.74 0.78
ZC3H4 702 630 1190 1224 1.94 2.02 2.13 2.07
RRS1 971 794 1144 1077 0.76 0.8 0.38 0.42
PRRC2C 15239 13001 17950 17351 1.52 1.46 1.56 1.59
NUP210 9191 7928 9542 9378 1.93 2.05 1.51 1.53
SIK2 2314 1878 2763 2770 1.56 1.23 0.78 0.8
COBL 1323 1146 1805 1832 0.25 0.25 0.21 0.18
ASTN2 1926 1499 1547 1404 0.68 0.87 0.88 1.06
RPRD2 1437 1131 2058 2101 2.29 2.36 1.9 1.88
ATP11A 3371 2962 4022 3922 1.81 1.76 1.48 1.49
TSPYL4 391 320 269 253 2.42 2.54 1.6 1.81
FAM208A 2652 2236 2641 2683 2.56 2.37 2.55 2.6
NUP160 4677 3944 3209 3170 2.32 2.46 1.39 1.4
IQCE 675 523 1155 1140 2.18 1.97 2.42 2.4
SMG6 1044 889 1327 1391 2.16 2.05 2.39 2.24
ATMIN 1833 1493 1464 1478 2.41 2.09 1.47 1.11
WSCD1 614 527 1025 1108 2.62 2.65 2.21 2.06
ICOSLG 218 187 290 279 2.09 2.25 2.53 2.71
SIN3B 2316 2002 3249 3303 0.25 0.31 0.14 0.15
USP22 6145 5260 7354 7294 1.82 1.82 1.24 1.4
TTC28 1487 1317 1780 1793 1.97 1.95 2.4 2.18
SYNM 843 681 1358 1312 1.72 1.7 2.28 2.15
JADE2 1817 1588 2790 2872 2.51 2.45 2.25 2.37
VPS39 1586 1405 1717 1648 1.67 1.94 1.27 1.32
ESYT1 2170 1959 3074 2997 1.34 1.37 0.47 0.9
KHNYN 888 781 1226 1285 0.75 0.68 0.5 0.47
SUN1 2733 2373 2272 2315 1.42 1.48 0.95 0.99
USP24 1811 1487 1427 1366 2.16 2.25 2.54 2.48
ZNF629 593 478 1135 1133 0.9 1.26 1.49 1.3
KIAA0895 600 479 404 389 1.3 1.19 2.01 2.07
PPP1R13B 534 426 731 725 1.75 1.69 2.34 2.26
ARHGEF18 1425 1269 2286 2495 0.56 0.99 0.34 0.18
SRGAP2 1204 999 1444 1398 1.19 1.36 0.84 0.92
SPECC1L 1608 1419 1794 1824 1.9 1.9 1.47 1.34
NCSTN 1050 986 813 862 1.28 1.26 1.52 1.5
MED13L 3868 3259 4537 4478 2.03 2.07 1.66 1.53
ADNP 3214 2713 3205 3242 1.73 1.82 1.75 1.7
LARS2 1710 1543 1396 1447 1.7 1.51 1.01 1.03
PIP5K1C 1464 1334 2737 2625 2.61 2.53 1.97 2.01
CTDNEP1 2301 1946 2663 2524 1.81 1.67 1.09 1.16
COMMD3 95 87 45 44 0.71 0.61 1.45 0.94
RYBP 582 461 316 349 1.09 1.25 1.46 1.37
GPR161 635 564 681 744 1.6 1.68 1.86 1.75
RHOQ 1036 833 597 614 2.04 2.21 1.52 1.57
TARDBP 2599 2204 2039 1940 2.13 2.01 2.22 2.02
ICMT 2258 1957 2377 2396 0.85 0.58 0.24 0.12
NPTXR 628 476 907 993 1.78 2.01 1.21 0.78
CBX5 9488 7816 10949 10851 0.83 0.78 1.03 0.87
BRD4 3054 2694 4768 4834 2.21 2.18 1.49 1.53
SEC61G 189 136 74 90 0.43 0.55 0.79 0.84
ZFYVE26 790 715 1151 1230 1.19 1.17 1.86 1.55
KCTD2 772 636 889 880 2.6 2.78 2.31 2.07
SLC39A14 2945 2530 2516 2416 2.64 2.61 2.6 2.64
SRRM2 20734 17679 24425 24246 1.07 1.08 0.82 0.8
PRAME 1314 1158 1469 1463 1.93 1.98 1.34 1.35
SNAPIN 562 524 707 639 1.45 1.47 0.82 1.11
CCNDBP1 823 740 608 644 0.7 0.2 0.89 1.42
TMEM50A 558 435 362 342 1.83 1.56 0.65 0.66
PATZ1 619 516 742 822 1.61 1.71 1.33 1.27
PHLDA3 393 348 443 478 1.14 1.23 0.32 0.19
FAM89B 249 247 437 495 2.05 1.7 1.17 0.94
SSBP3 970 806 1404 1323 1.1 1 1.6 1.48
TRIM29 1808 1562 2228 2154 0.96 0.86 0.53 0.45
PLA2G15 411 330 519 505 3.04 2.86 2.43 2.4
SH3BP4 2116 1773 2683 2531 1.68 1.76 1 1.24
EID1 2400 2057 2734 2860 1.77 1.65 1.82 1.64
IL17RA 622 547 823 854 0.45 0.52 0.22 0.26
BCL2L13 1875 1542 1150 1088 1.68 1.62 1.66 1.75
ALPI 46883 41263 72537 73899 1.94 1.93 1.52 1.56
ZBTB38 1663 1414 2019 1878 0.32 0.42 0.61 0.53
RNF169 1285 1094 777 772 1.9 2 2.04 2.19
LCORL 281 227 182 185 2.14 1.81 2.89 3.05
GK5 1539 1433 1241 1168 1.04 0.92 1.78 1.58
SNX33 507 456 594 565 2.3 1.69 1.27 1.44
TBC1D22A 661 556 790 819 1.84 1.63 0.59 0.3
CBY1 222 178 147 134 0.68 0.76 1.86 1.33
GAK 2401 2078 3053 3019 0.94 0.69 0.23 0.28
BAMBI 323 288 501 538 0.79 0.92 0.48 0.32
DNAJB5 392 308 432 487 1.47 1.06 0.59 0.81
BACE2 3274 2838 2340 2421 1.79 1.81 1.25 1.11
HECTD1 2990 2557 2214 2189 0.1 0.1 0.12 0.1
NIPBL 5108 4223 5555 5450 1.42 1.52 1.68 1.69
GALNS 701 603 782 793 1.97 2.25 1.5 1.52
POC1A 542 429 676 709 1.97 2.19 1.34 1.38
GALNT2 5438 4543 3601 3441 2.18 2.24 1.72 1.77
OLFML2B 585 514 681 707 2.11 2.11 2.23 2.42
AHCTF1 4307 3548 3050 2931 0.26 0.3 0.32 0.29
C1orf43 2950 2512 1763 1703 1.79 1.79 2.14 2.07
ZDHHC5 1682 1459 2113 2055 1.19 1.23 0.58 0.57
ASPM 4838 4014 4156 3932 0.8 1.03 1.12 1.13
BOD1L1 4406 3649 4895 4601 1.5 1.6 1.24 1.44
GEMIN5 2122 1815 1731 1692 1.26 1.32 1.36 1.39
WWTR1 2453 2059 1742 1690 1.09 1.04 0.63 0.68
FAM98A 2580 2111 2623 2617 0.86 0.82 0.2 0.38
KANK2 1862 1616 3940 3972 1.53 1.57 0.56 0.69
C2CD2 594 526 708 674 1.62 1.53 2.11 1.78
TBC1D10B 1196 1043 2136 2266 0.39 0.39 0.3 0.3
RNF167 1575 1383 1318 1313 0.45 0.47 1.37 0.94
C2CD3 890 730 1029 1038 1.35 1.39 1.87 1.97
ZZZ3 974 800 579 586 1.7 1.63 1.55 1.9
FAM32A 1301 1153 1423 1466 2.02 1.96 1.48 1.55
SUSD5 218 225 292 297 2.06 1.94 2.56 3.13
TOR1AIP1 1324 1186 1122 1067 3.53 3.29 3.63 3.69
WIPI2 1918 1478 2385 2249 1.82 1.98 1.84 2.06
TANC2 1997 1774 3013 2989 1.02 0.96 1.14 1.04
LDLRAP1 479 410 759 733 2.75 2.4 1.71 1.78
IRF2BP1 426 399 672 627 1.44 1.38 1.52 1.69
KIF26A 1655 1473 2526 2562 2.22 2.12 1.58 1.62
RSL1D1 4633 3775 3471 3546 1.05 1.04 1.03 0.97
GAS1 504 428 667 724 2.72 2.48 2.03 1.77
PHGDH 10067 8869 10657 10789 0.28 0.2 0.41 0.37
NUPR1 1213 991 1354 1468 0.51 0.69 0.24 0.06
TIMM13 967 850 609 676 1.64 1.6 1.16 0.87
LATS2 1290 1169 1424 1547 2.13 2.11 1.69 1.54
CKAP2 2662 2030 1776 1727 1.32 1.48 1.51 1.37
TBL2 652 600 878 844 2.36 2.1 1.28 1.57
RNF11 735 715 619 604 1.99 1.98 1.49 1.4
PELP1 1868 1625 2250 2397 1.51 1.39 0.98 0.78
LYPD3 1274 1126 1471 1467 0.65 0.6 0.58 0.62
UQCRQ 2248 1907 943 955 0.68 0.71 0.92 0.85
AFF4 3843 3383 3197 3115 1.67 1.48 1.96 1.75
APEX2 1337 1155 1899 1983 1.16 1.28 0.87 0.84
TNRC6A 2179 1710 2157 2112 0.67 0.67 0.8 0.78
TMEM97 885 800 572 559 1.1 0.74 1.48 1.01
TOR1B 579 533 660 661 1.74 1.59 0.81 0.81
GLI2 312 259 403 413 1.41 2.11 7.66 3.31
TOR2A 311 246 362 362 1.79 2.12 2.54 2.14
GNA12 1774 1456 2353 2282 2.26 2.31 1.6 1.76
GNAI2 4685 4028 5686 5789 0.55 0.67 0.74 0.71
GNL1 2076 1851 2593 2606 0.13 0.12 0.16 0.18
GNS 3024 2465 2058 1947 1.4 1.52 0.77 0.58
GOLGA3 5024 4121 6815 6695 2.09 2.08 1.19 1.27
GOLGB1 3340 2728 4397 4158 0.8 0.91 1.25 1.51
SFN 1549 1261 2616 2589 1.7 1.73 1.35 1.37
SLCO3A1 3168 2665 2657 2613 1.82 1.8 1.76 1.85
BCL9L 3087 2629 5389 5581 2.03 2.26 1.52 1.47
PGP 906 829 1013 1029 2.2 2.03 1.68 1.55
TSEN54 675 606 862 855 3.33 3.31 2.19 2.5
UBALD2 766 676 1089 1139 1.18 1.17 0.44 0.48
C17orf58 763 724 1006 1050 1.47 1.38 0.89 0.82
PIGW 332 236 186 201 1.89 1.93 1.4 1.09
C17orf89 327 294 208 240 0.83 0.53 1 0.8
GPER1 240 220 474 450 1.68 1.54 2.12 2
TCAIM 590 494 398 403 1.5 1.53 2.07 2.52
FRYL 1115 901 1235 1204 2.38 2.34 2.9 3.23
SH3PXD2B 2293 1928 4125 4096 1.68 1.74 1.14 0.86
C5orf51 1064 869 547 468 1.81 1.49 1.86 1.99
CEP57L1 314 297 211 227 1.16 0.82 1.81 1.46
DCBLD1 528 522 411 373 2.95 2.94 2.34 2.23
TPRN 718 606 974 1069 1.47 1.29 0.5 0.33
GRB10 1453 1186 1137 1136 2.22 2.43 2.51 2.6
RAPGEF1 1803 1569 1383 1400 1.3 1.42 1.53 1.5
MRPS18B 2053 1653 1442 1489 0.89 0.97 0.42 0.32
C19orf53 1942 1657 1963 2035 1.2 1.21 0.81 0.87
MCTS1 1306 1065 882 842 0.35 0.22 1.05 0.83
ABR 2209 1884 3253 3256 1.67 1.78 1.32 1.25
GRIN2D 313 290 568 535 1.96 1.78 1.31 1.35
GRINA 1733 1520 1804 1860 0.76 0.77 0.33 0.36
SETD2 3604 2999 4381 4389 1.42 1.32 0.7 0.85
NDUFAF4 221 195 57 54 0.34 0.26 0.55 0.5
ARHGAP35 1658 1364 2133 2240 2.42 2.56 1.96 2.05
SSU72 1046 935 1718 1807 1.27 1.17 0.4 0.47
ANKRD11 10984 9763 17574 17843 1.91 1.87 1.27 1.23
PDIA3 6801 5590 5145 5069 1.14 1.24 1.1 1.31
MSH6 2710 2295 3101 2905 2 1.95 2 2.04
GTF2A1 854 700 570 581 2.32 2.59 2.82 2.9
GTF2F1 2840 2391 4134 4226 1.95 2.07 1.34 1.29
GTF3C1 3223 2708 4578 4702 2.21 2.24 1.61 1.31
ABT1 631 487 693 681 2.02 2.28 1.1 1.15
NCAPH2 754 674 940 1013 2.52 2.67 2.04 2.2
SENP1 924 803 660 626 2.22 2.35 1.53 1.52
GUK1 2107 1864 3218 3320 0.94 1.31 0.49 0.03
ANAPC2 1409 1191 1591 1572 2.09 2.12 1.65 1.56
SAC3D1 408 334 557 659 2.19 2.23 1.79 1.73
SEC61A1 4511 3843 5643 5608 1.49 1.59 1.29 1.26
SLC25A24 905 792 707 721 1.96 1.93 0.98 1.02
PRICKLE4 49 42 114 109 1.17 1.16 1.7 1.94
CDIP1 591 560 721 694 1.44 1.13 0.64 0.72
PILRB 1591 1297 1856 1809 0.71 0.7 0.43 0.51
H2AFX 1219 991 1945 1979 2.39 2.52 2.43 2.42
HIST1H2BD 832 749 1235 1293 0.15 0.14 0.24 0.22
HDLBP 12067 10581 16203 16040 0.61 0.55 0.59 0.62
EHD2 2323 2068 4496 4562 1.73 1.49 1.17 1.19
ANXA6 7796 6698 9673 9451 0.23 0.7 0.51 0.68
HIF1A 6354 5447 4656 4567 0.94 0.84 0.88 0.82
ACACA 4110 3555 3288 3341 1.66 1.26 0.93 0.95
HMGB1 8171 6961 5015 4987 0.22 0.24 0.57 0.57
HMGCR 2287 2047 1113 1108 1.74 1.75 2.28 2.24
HMGCS1 4249 3733 1134 1084 0.53 0.52 0.56 0.53
HMOX2 886 758 972 934 1.38 1.45 0.95 1
HNRNPA2B1 19348 16324 15791 15292 0.07 0.07 0.21 0.19
HOXB7 327 236 530 525 1.51 1.48 0.37 0.66
APC 1527 1194 1709 1622 0.95 0.92 1.43 1.33
HRAS 394 347 497 510 1.87 1.94 1.09 1.27
MMAB 680 644 526 488 1.35 0.94 1.47 1.77
APEX1 3508 3018 3539 3834 0.74 0.4 0.89 1.03
HSBP1 1892 1734 971 993 0.26 0.21 0.94 0.89
HSPA1B 12419 10510 16519 16772 2.08 2.21 2.17 1.98
HSPA1L 276 270 434 416 1.36 1.29 2.09 1.68
HSPA4 7180 5907 5061 4798 0.61 0.7 1.13 1.06
HSPA8 35614 30174 21631 21000 1.27 1.26 0.98 1
HSP90AA1 35945 29979 15708 15242 0.71 0.68 0.72 0.72
NDST1 2035 1748 2399 2369 1.9 1.8 0.89 1.22
PKD1P1 3678 3293 4696 4687 0.4 0.38 0.15 0.16
C1orf174 968 841 741 791 1.24 1.42 1.82 1.54
NAT8L 820 674 951 983 2 1.71 1.36 0.94
NRBP2 636 524 738 710 1.14 0.97 1.33 1.12
MTX3 1257 1036 647 612 1.57 1.72 2.92 3.24
IGF1R 7070 6088 9111 9067 0.88 0.73 0.22 0.26
IL6R 561 478 754 700 2.65 2.27 2.71 2.61
IL6ST 2364 1895 1403 1395 2.51 2.39 2.64 2.62
IL13RA1 701 623 527 461 2.65 2.51 1.74 1.71
IRF2BP2 1683 1457 2039 2008 2.37 2.36 2.03 2.02
AQP3 3978 3465 6196 6288 1.81 1.73 1.35 1.37
FOXK2 3105 2765 4103 4085 2.34 2.43 1.91 2.38
INCENP 2884 2493 3779 3963 1.53 1.32 1.2 0.81
ING2 236 182 139 145 1.98 2.12 2.57 2.37
INPPL1 4633 3838 6488 6573 0.96 1 0.34 0.33
IREB2 1595 1343 1183 1177 2.35 2.26 2.62 2.47
ARAF 1855 1520 2002 2034 2.41 2.61 1.62 1.66
JUNB 848 746 1282 1184 1.11 1.19 0.78 0.8
KARS 4870 4354 2840 2728 0.28 0.27 0.67 0.59
KIF7 414 338 474 499 1.74 1.86 1.05 0.88
HDDC3 362 295 442 447 1.22 1.53 0.42 0.51
PTAR1 2064 1765 982 960 0.6 0.59 0.59 0.69
ARF3 3332 2799 3748 3583 1.39 1.4 0.86 0.85
MALAT1 103492 86167 76808 74803 0.55 0.55 0.17 0.17
KIF3C 465 406 1192 1217 1.38 1.57 2.17 1.97
KRT8 24179 21123 31790 31926 0.39 0.54 0.42 0.48
C6orf120 490 461 169 156 3.49 3.21 2.22 1.86
SKIDA1 272 241 496 465 2.16 2.27 2.47 2.46
SETD8 1577 1304 1970 1960 1.34 1.3 0.79 0.68
RHOB 4773 4051 3155 3301 2.3 2.33 2.1 2.04
ZNF749 347 290 236 253 2.13 2.09 2.79 2.55
ZNF324B 199 145 302 305 1.35 1.39 2.55 2.13
FAM69A 100 94 64 48 2.21 2 2.94 3.32
RBM12B 700 589 797 753 2.2 2.2 1.86 1.89
USP27X 32 22 58 55 1.84 1.58 4.14 12.12
RHOG 463 383 549 625 0.62 0.64 0.5 0.46
LAMC1 7934 6590 4020 4101 1.99 2.25 2.44 2.62
LGALS3BP 6123 5246 6245 6196 1.88 1.84 1.56 1.56
ARHGDIA 5184 4404 6709 6886 0.7 0.73 0.29 0.36
LIFR 3718 3178 1987 1989 2.92 2.85 2.91 2.9
FAM102A 921 792 1375 1399 1.63 1.6 0.73 0.88
SNX19 1150 997 1240 1184 0.36 0.34 0.37 0.38
C1orf226 132 102 199 230 2.26 2.22 3.55 3.43
VWA5A 1967 1710 1564 1446 1.52 1.61 2.12 1.97
LINC00998 353 295 135 146 1.79 1.74 2.07 1.77
LINC01000 2833 2438 3208 3328 2.43 2.59 1.49 1.4
LRP4 1186 1009 871 831 2.76 2.75 2.09 2.17
LTBP3 1145 987 1924 1984 0.82 0.98 1.69 1.96
LTBR 2969 2518 2418 2516 1.93 1.79 1.48 1.44
BCAM 877 814 1497 1626 1.08 1.22 1.37 1.44
MARCKS 985 875 1063 1135 1.07 1.02 1.28 1.27
MAN2A2 2062 1796 1589 1615 2.49 2.52 1.88 1.65
MAP4 9850 8324 13453 13645 1.18 1.05 1.32 1.41
MAT2A 4536 3844 1846 1794 2.17 2.24 2.95 2.73
C8orf82 170 163 229 269 1.18 1.16 0.69 0.49
MAZ 5880 5089 6980 7127 0.9 0.85 0.47 0.37
MBD1 901 803 1042 1079 1.48 0.88 0.35 0.18
MCM3 6369 5567 7939 7902 1.82 1.91 1.45 1.43
MDM2 2700 2269 2208 2081 1.79 1.85 2.17 1.94
MDM4 2438 2077 1664 1614 1.86 1.83 2 2.17
MAP3K3 911 846 1579 1551 2.5 2.56 1.62 1.67
MEN1 1397 1158 1794 1872 1.82 2.03 1.45 1.39
MET 3080 2587 2205 2077 1.84 1.71 1.11 1.1
MID1 862 758 1217 1155 2.26 2.22 2.3 2.42
MKI67 13823 11791 22915 22604 2.21 2.18 1.85 1.86
MAP3K11 523 504 958 896 2.16 1.98 1.57 1.47
KMT2A 4256 3560 4900 4873 0.95 0.98 1.14 1.1
MLLT1 3186 2597 4703 4839 1.49 1.6 0.8 0.73
AFF1 2055 1752 2705 2604 2.49 2.59 2.53 2.91
MLLT4 973 799 1173 1160 3.04 2.7 0.97 0.77
MLLT6 2531 2140 3090 3234 2.32 2.41 1.78 1.67
FOXO4 807 669 1073 1053 0.9 1.07 1.32 1.53
MNT 909 808 1287 1301 1.99 1.94 1.07 1.07
ABCC1 2310 1972 2776 2684 2.44 2.4 1.68 1.75
MT2A 1644 1465 2247 2312 0.89 0.89 1.12 1.13
MYC 11859 10094 8282 8380 0.69 0.64 0.87 0.79
GADD45B 635 567 451 472 2.44 2.44 2.07 1.77
MYH9 18931 16347 30330 30659 1.48 1.46 0.89 0.87
MYH10 7970 6575 11988 11781 1.57 1.47 0.99 1.11
ZFHX3 2982 2520 5216 5315 0.84 0.86 1.95 1.29
MYL6 6255 5338 4520 4498 0.15 0.16 0.6 0.32
MYO1C 5942 5307 7583 7334 0.86 0.78 0.12 0.13
MYO10 16573 14161 19371 19214 2.55 2.48 2.09 2.03
NDUFA2 520 450 334 380 0.48 0.61 0.67 0.63
NDUFA4 2327 1884 923 904 0.25 0.26 0.32 0.24
NDUFB4 1664 1380 1006 959 0.47 0.48 0.6 0.69
NDUFB8 73 46 20 26 0.08 0.07 0.26 0.25
NDUFC1 732 602 387 394 0.41 0.27 0.16 0.13
NDUFS5 3117 2667 2654 2609 0.1 0.07 0.18 0.2
RERE 1866 1613 3090 3146 1.91 1.76 1.21 1.17
ATOX1 444 373 300 298 0.28 0.3 0.34 0.33
NEU1 1606 1385 1309 1246 2.33 2.33 1.79 1.96
NFIC 4274 3593 6491 6455 1.33 1.51 1.14 1.22
NFIX 1621 1351 2329 2345 1.76 1.92 1.3 1.12
NFRKB 1352 1134 1590 1710 0.25 0.52 0.1 0
NME4 984 882 1069 1091 1.2 1.13 1.2 1.1
NOTCH1 1421 1314 2341 2383 2.01 1.75 0.97 0.93
NPC1 909 761 958 979 2.13 1.95 1.36 1.53
NPM1 26755 22957 14589 14422 0.12 0.07 0.34 0.27
YBX1 23569 20219 23700 23280 0.71 0.74 0.89 0.85
NTN3 121 103 383 405 1.84 1.47 2.06 2.05
NUCB1 5921 5200 8215 8344 1.91 1.78 1.49 1.45
NUMA1 6896 6031 12980 12945 0.65 0.7 0.35 0.29
NUP98 3695 3216 2942 2893 0.21 0.21 0.24 0.27
HCG11 1427 1169 823 846 2.51 2.28 2.71 2.34
RBMXL1 928 829 661 688 1.38 1.05 2.23 1.74
TBC1D25 499 456 598 639 2.21 2.18 1.75 1.82
ODF2 3205 2698 4025 3970 1.19 0.82 0.03 0.43
OLR1 1060 834 690 685 1.59 1.83 1.23 1.22
ORC5 426 341 208 229 2.16 2.04 0.99 0.52
OSBP 2216 1915 2374 2404 1.98 2.14 1.5 1.54
P4HB 13760 11656 13060 13404 1.1 1.13 0.69 0.64
PA2G4 6841 5880 4509 4392 0.7 0.73 0.95 0.84
PAK2 1700 1358 1197 1216 3.76 3.32 3.89 5.35
GEMIN4 1911 1650 2159 2101 1.32 1.26 1.03 1.08
PALM 1086 920 2178 2230 2.1 2.04 1.24 1.13
DCAF8 2644 2207 2821 2779 1.29 1.35 1.27 1.39
PBX2 1975 1662 2690 2596 1.62 1.83 1.21 1.21
PCBP1 4765 4041 5208 5225 1.73 1.79 1.74 1.76
PCCB 1440 1256 1089 1148 0.77 0.79 1.56 1.42
MRPS16 932 799 592 546 0.42 0.32 0.75 1.19
DESI2 678 614 820 760 0.61 0.63 0.76 0.76
ZBTB7B 2463 2105 3557 3647 1.96 1.99 1.6 1.61
ZNF691 209 162 278 233 1.84 1.69 2 2.18
RPS27L 1232 999 545 548 0.59 0.36 1.09 0.83
MRPL4 1522 1328 1109 1130 0.76 0.91 0.52 0.59
KLHL5 1798 1504 1380 1353 0.98 0.95 1.24 1.27
SEPSECS 396 320 171 168 2.16 1.71 3.36 2.33
METTL9 1488 1227 786 701 1.17 1.21 1.33 1.69
PCNA 1580 1298 1231 1203 1.07 0.96 0.61 0.62
RLIM 5739 4685 4046 3893 0.83 0.92 0.88 0.86
CERCAM 1998 1716 2155 2171 1.36 1.37 0.74 0.79
MRTO4 1122 939 723 736 1.88 1.9 2.42 2.47
PCNT 2157 1945 3112 3139 2.26 2.24 1.42 1.77
NIN 1774 1489 2161 2113 1.22 1.44 1.56 1.51
EMC4 871 739 654 690 1.15 1.23 1.46 1.29
CDK16 5312 4528 5407 5453 0.56 0.55 0.26 0.36
KRCC1 143 145 244 237 1.2 0.88 1.3 1.38
ZBTB7A 876 799 1333 1292 1.89 1.56 2.21 1.93
TAOK3 1106 886 1381 1418 0.55 0.53 0.38 0.38
TEX264 418 394 556 589 2.99 2.67 1.43 1.58
EIF3L 5062 4388 3710 3677 0.17 0.16 0.12 0.11
SCARA3 11493 9904 16169 16360 1.93 1.93 1.44 1.43
LIMA1 4549 3899 3578 3504 0.92 0.87 0.99 0.9
NOP16 733 648 447 433 1.37 1.1 1.67 1.64
CXXC5 649 556 906 937 1.47 1.57 1.61 1.47
OSER1 970 845 746 744 1.51 1.45 0.91 0.96
PDGFA 470 377 527 510 1.96 2.15 2.21 2.2
HDAC7 1719 1556 2224 2234 2.17 1.8 1.35 1.44
PCF11 814 662 876 836 2.36 2.48 2.71 2.82
PDGFRB 1854 1628 3142 3218 1.86 1.9 1.16 1.29
DPH5 611 470 311 321 1.95 2.29 1.22 0.73
PDHB 1218 1018 683 695 0.1 0.12 0.32 0.32
KLF13 2154 1863 3014 3086 1.22 1.13 0.86 0.95
PTRH2 436 380 265 264 1.03 1.02 1.88 1.76
SARAF 1637 1397 1229 1213 0.47 0.51 0.33 0.37
PDPK1 1402 1166 1460 1449 2.98 2.96 2.44 2.37
WBP11 3562 3136 4426 4292 0.56 0.52 0.14 0.19
MSRB1 227 220 305 303 3.24 3.06 2.05 2.2
CDK12 2368 1991 2639 2587 2.45 2.21 2.46 2.6
PHAX 976 888 1169 1103 1.74 1.34 2.07 2.2
PFN1 10009 8681 9822 10074 0.48 0.39 0.61 0.59
PFN2 2128 1793 1253 1202 1.29 1.34 1.55 1.66
PGD 4206 3648 3361 3326 1.06 1.18 0.47 0.65
ATP6V0C 73 76 145 159 0.84 0.97 0.19 0.1
PIGF 60 60 23 27 1.58 2 0.7 1.12
PIK3C2A 2837 2400 2142 2151 2.44 2.11 1.03 0.78
PIK3CA 355 257 234 224 3.18 2.97 3.67 3.28
PI4KA 2553 2160 3287 3253 1.77 1.35 0.31 0.87
PKM 44751 38508 44686 44922 0.76 0.76 0.42 0.44
PLAG1 234 209 170 143 1.98 2.01 2.42 2.61
PLAGL1 1924 1541 983 1025 1.47 1.56 1.65 1.54
PLAGL2 610 495 1032 969 1.9 1.88 1.63 1.69
PLAUR 310 254 383 330 2.71 2.96 1.8 1.82
PLCG1 3145 2654 4145 4252 2.13 2.25 1.69 1.51
TPCN1 1385 1206 1599 1597 1.13 1.5 0.63 0.74
PLEC 11028 9509 21268 21420 1.32 1.45 0.84 0.75
PLP2 3424 2742 2768 2844 0.35 0.46 0.56 0.54
PML 579 514 896 834 1.98 1.84 1.2 1.44
PMM2 932 792 1006 1011 1.65 1.65 1.18 1.2
PMS1 311 228 166 147 1.61 1.38 2.49 2.51
C11orf24 935 756 1170 1218 1.9 1.97 1.63 1.58
PMS2 1155 908 1373 1408 0.27 0.3 0.24 0.2
BRWD1 1606 1319 1002 904 1.72 1.7 1.99 1.95
C21orf58 664 606 959 965 2.88 2.11 0.76 0.32
POLE3 2149 1825 1448 1480 0.66 0.72 0.81 0.76
PNN 9418 7907 7593 7695 0.4 0.42 0.68 0.71
POLD2 4976 4378 4064 4170 0.12 0.12 0.12 0.16
POLE 3035 2571 3947 3905 1.6 1.73 0.96 0.94
POLG 2770 2461 1984 2116 1.3 1.33 0.67 0.67
POLR2A 5771 5190 7497 7448 0.96 0.93 1.09 1.06
SLC38A2 4144 3548 2464 2433 0.08 0.09 0.15 0.18
PRR13 537 426 319 309 0.3 0.38 0.32 0.38
FAM134B 134 114 216 190 2.88 2.68 2.93 3.19
CHPF2 899 698 1375 1461 1.42 1.43 1.21 1.05
RHOF 166 150 261 312 1.94 2.03 1.55 1.54
DDIT4 4680 4126 3662 3674 2.42 2.42 2.02 2.01
ATRX 5196 4468 5363 5225 1.18 1.07 1.51 1.49
TBC1D13 639 606 867 788 1.82 1.55 1.13 1.25
WDR74 1347 1171 900 874 0.12 0.12 0.31 0.32
GPN2 307 222 360 360 0.22 0.39 0.1 0.1
OTUD4 1782 1460 1126 1087 2.56 2.62 2.66 2.8
SLC35F2 958 851 591 569 1.85 2.06 2.21 2.06
LY6K 174 182 265 253 3.18 3.07 2.01 2.27
TRIM44 3290 2616 4273 4357 0.67 0.51 0.92 0.89
CNNM2 1368 1145 1855 1826 1.54 1.52 1.26 1.2
ZNF562 985 798 654 650 1.69 1.54 1.94 1.89
KLHL28 817 752 596 657 1.21 1.04 0.5 0.53
PAQR5 595 528 278 248 3.16 2.66 2.18 1.95
TMEM214 2481 1999 2850 2785 0.79 0.87 0.23 0.39
BCOR 6562 5612 8451 8585 0.83 0.93 0.38 0.4
ALKBH5 2259 1827 2673 2749 0.78 0.81 0.35 0.44
WHSC1L1 1641 1399 1768 1717 1.86 1.64 2.03 2.16
YTHDF1 2459 2210 3283 3224 2.05 2.25 1.32 1.1
CHTF8 1453 1231 1785 1758 2.61 2.57 2.05 2.08
RASIP1 1659 1418 1902 1903 1.23 1.36 0.25 0.4
IMPAD1 1751 1573 1224 1158 2.29 2.15 2.71 2.85
TRMT10C 447 355 204 204 1.68 1.75 2.08 2.01
COMMD4 881 834 1137 1107 1.15 1.45 0.53 0.85
PPM1G 6041 4970 7711 7681 1.76 1.7 1.07 1.02
HCFC1R1 697 603 840 849 1.42 1.4 0.89 0.77
ZNF770 1389 1185 882 834 0.93 0.69 1.54 1.52
GID8 1345 1208 1638 1593 1.82 1.95 1.55 1.31
AURKAIP1 1651 1402 1338 1329 0.45 0.35 0.41 0.48
PPP1CB 2042 1705 1144 1115 0.96 1.13 1.45 1.11
PPP1CC 2670 2165 1030 979 1.57 1.75 0.92 1.01
ZWILCH 525 405 251 235 0.99 1.25 1.33 1.24
PDPR 1539 1305 1598 1589 1.37 1.3 1.09 0.96
OXR1 867 717 591 607 1.73 1.94 2.19 2.01
UACA 1120 993 1414 1448 1.19 0.62 1.82 1.72
KIF26B 2259 2017 3179 3218 1.54 1.37 0.8 0.72
SOBP 198 199 428 449 1.03 0.88 1.44 1.23
TMEM51 109 94 150 154 3.11 2.86 2.32 2.36
GPATCH2 357 314 255 267 2.62 1.83 3.1 3.18
ARHGAP17 2391 2093 2683 2773 0.65 0.65 0.37 0.39
SRBD1 329 296 439 391 1.28 1.17 1.68 1.89
RBM23 1474 1233 1831 1863 2.36 2.4 1.76 1.93
DARS2 1741 1507 850 805 1.65 1.87 0.85 1.01
ARHGEF10L 365 303 480 526 3.29 2.24 1.67 1.84
SLC25A36 3050 2613 1914 1770 1.29 1.28 1.39 1.46
PBRM1 1321 1130 1819 1749 0.4 0.48 0.59 0.52
FAM86C1 557 461 641 660 1.77 1.37 2.05 1.85
PPP2R2A 1668 1373 1027 1047 2.74 3.12 2.39 2.25
MAP1S 805 750 1363 1491 2.08 1.82 1.27 1.05
SETD5 6537 5461 7117 7106 0.17 0.15 0.27 0.25
KIRREL 1010 912 1554 1540 3.45 2.95 2.28 2.42
TMEM206 380 308 177 187 2.24 2.38 1.63 1.23
VPS53 1636 1414 1900 1957 2.68 2.82 1.89 1.89
BRIX1 2652 2276 1415 1383 0.83 0.77 0.93 0.92
ZNF444 240 222 317 324 2.18 1.64 1.06 1.11
WDR33 1151 925 1848 1853 0.12 0.13 0.09 0.09
LGR4 2194 1690 1312 1252 2.3 2.39 2.29 2.36
LRRC59 6576 5682 8076 8079 1.01 0.94 0.39 0.65
PRCC 1305 1063 1723 1713 1.58 1.54 0.88 1.02
NOP10 1149 922 645 725 1.48 1.61 1.19 1.09
MAML3 1866 1636 2013 1981 2.28 2.36 1.7 1.72
CHRNA9 186 186 80 86 2.59 2.34 3 3.08
BMP2K 441 386 524 517 2.07 2.11 2.37 2.29
OTUD5 2303 2001 3068 3048 1 1.18 0.66 0.7
ZCCHC8 1004 899 694 736 2.38 2.22 2.74 2.55
THUMPD1 600 512 699 693 1.82 1.77 2.12 1.85
SMPD4 1669 1456 2117 2145 2.11 2.45 1.75 1.82
PNRC2 1149 984 858 829 0.61 0.69 0.64 0.77
PRKAA2 756 679 339 281 0.64 0.65 0.75 0.86
NHP2 2388 2065 1560 1563 0.08 0.08 0.4 0.49
PRPF40A 2888 2416 2301 2145 0.54 0.71 1.01 1.11
RABL6 4524 3790 5507 5659 1.81 2 1.4 1.18
PACS1 1941 1732 2795 2808 0.6 0.59 0.15 0.18
VAC14 969 823 1477 1412 1.06 0.96 0.62 0.67
CCDC88A 2189 1760 1591 1452 1.42 1.68 2.16 2.12
NECAP2 591 525 662 653 2.13 1.86 1.76 1.86
TENM3 1275 1023 1880 1772 3 3.05 3.38 3.28
SLF2 284 289 425 412 1.09 0.72 1.43 1.61
FAM222B 475 415 809 800 0.89 0.93 0.66 0.7
ZFP64 1191 1008 1528 1544 2.72 2.54 2.73 2.6
DNAJC11 1655 1359 2007 1854 1.08 0.92 0.67 0.51
ARFGAP1 3780 3263 4075 4274 1.95 1.91 1.59 1.61
ENAH 7188 6036 5060 5047 1.6 1.69 1.66 1.58
PRR11 3597 3051 2589 2537 0.68 0.56 0.66 0.65
ZNF839 502 380 554 573 2.89 2.92 3.26 3.19
PRKCA 6529 5474 6367 6595 1.22 1.37 0.75 0.71
CAND1 2872 2369 2249 2025 1.86 1.86 1.94 2.02
ACOT13 1472 1348 935 923 0.29 0.17 0.97 0.83
ASH1L 2924 2486 3440 3192 0.77 0.99 1.18 1.34
PRKCZ 387 361 576 566 0.94 1.09 1.37 1.28
PRKDC 15657 13111 15791 15650 1.14 1.35 1.59 1.42
CTTNBP2NL 1495 1306 1975 1871 1.9 1.94 1.54 1.58
FAM212B 107 107 192 186 1.45 1.41 2 1.98
MAPK3 1462 1277 1854 1859 0.35 0.43 0.51 0.47
MAPK4 694 592 816 780 2.71 2.55 1.48 1.87
MAP2K3 634 561 858 861 1.97 1.93 1.2 1.31
UBFD1 1632 1374 1819 1733 1.51 1.54 0.29 0.61
PRKRIR 859 617 486 435 2.3 2.24 1.28 1.38
ANKH 3289 2828 2739 2792 0.09 0.19 0.3 0.37
MEPCE 1197 1107 1596 1509 1.16 1.21 0.92 0.91
LRRC8A 1933 1664 4011 3952 1.87 1.73 1.18 1.13
PRPSAP1 1210 1008 925 959 1.82 1.82 2.38 2.15
SAR1A 1625 1320 1077 1026 2.07 2.16 1.59 1.6
B2M 6137 5346 2699 2727 0.45 0.42 0.54 0.46
SLC2A4RG 2778 2340 3572 3598 0.91 1.04 1.19 1.19
PSKH1 697 536 921 912 2.27 2.31 1.74 1.77
PSMA1 2875 2381 1919 1860 0.28 0.17 0.34 0.5
C8orf4 1288 1058 635 635 2.35 2.37 2.59 2.43
UBQLN4 2581 2252 2658 2642 1.31 1.41 0.7 0.37
C15orf39 1050 918 1413 1472 1.64 1.69 1.31 1.27
STARD7 2293 1991 1871 1863 1.85 1.83 1.16 1.16
C1GALT1 559 459 199 165 1.19 1.32 3.15 3.18
SPPL2B 694 594 750 767 1.23 1.11 0.58 0.55
PSMB5 1758 1554 1350 1405 0.17 0.15 0.09 0.04
PMEPA1 1542 1255 1602 1614 1.64 1.73 0.91 1.05
CMC2 521 449 283 299 1.99 2.02 1.76 1.22
PSMB7 1188 993 777 819 0.45 0.55 0.51 0.59
C5orf15 812 643 328 378 0.59 0.58 0.66 0.6
NIT2 695 564 415 395 0.07 0.09 0.16 0.14
YAE1D1 251 202 156 133 1.65 1.76 1.99 1.98
CCDC47 1927 1667 1138 1119 0.4 0.56 0.92 0.68
COQ9 3729 3167 3015 3031 1.55 1.47 1.05 0.88
TWSG1 406 340 282 299 1.38 1.52 0.73 0.77
UTP3 1107 921 1165 1183 1.08 1.1 1.43 1.33
PCBP4 427 378 650 602 1.64 1.61 0.97 0.81
DDX24 3916 3371 4096 4126 1.37 1.4 1 1.01
CASC5 1744 1451 1248 1233 1.95 2.09 2.35 2.25
PNPLA2 935 784 1150 1151 1.72 1.66 1.02 1.07
LYRM4 562 455 390 388 2.04 1.73 0.95 1.24
RGL3 469 370 641 583 2.02 2.03 1.13 1.22
SALL4 134 71 221 215 0.63 0.77 0.35 0.4
ZNFX1 2413 2115 3396 3289 1.77 1.63 1.69 1.53
SEPN1 1679 1547 2288 2305 1.85 1.86 1.16 1.32
THAP11 382 310 567 619 3.67 3.44 2.96 2.85
LYRM2 492 443 367 369 1.68 1.54 2.3 2.15
PTBP1 9020 7756 9473 9569 0.13 0.15 0.16 0.16
PBXIP1 1692 1478 3043 3024 2.35 2.15 1.1 1.06
RCN3 1913 1621 2622 2763 1.48 1.53 1.04 1.06
NDRG3 2452 2009 1546 1499 1.44 1.52 1.54 1.42
REXO1 848 703 1100 1146 1.4 1.29 1.77 1.9
KIAA1143 940 848 750 703 0.86 0.87 1.52 1.54
CNOT6 1550 1283 906 846 2.22 2.35 1.63 1.67
ZNF512B 2117 1896 3452 3431 1.31 1.28 0.75 0.46
KIAA1211 2126 1910 3013 3046 1.27 1.14 0.43 0.58
ODF2L 1846 1548 1530 1433 0.43 0.68 0.6 0.8
AHRR 3060 2683 4114 4268 2.34 2.38 1.92 1.8
RIMKLB 1353 1097 1059 1003 2.68 2.79 3.28 3.02
MKL2 1180 1025 1386 1393 0.65 0.58 0.43 0.52
KIDINS220 1639 1363 1802 1748 0.81 0.79 1.19 1
STARD9 1002 808 1103 1060 1.86 1.69 2.1 2.62
PTMA 18675 16133 18933 19247 0.21 0.18 0.42 0.35
PREX1 1417 1217 1573 1600 2.94 2.55 2.09 1.95
ARHGAP21 6681 5619 8228 7947 1.38 1.45 1.51 1.46
MKL1 880 726 1355 1350 2.62 3.22 2.31 2.24
BAHCC1 2084 1947 3561 3627 1.56 1.72 1.03 0.9
USP36 2877 2533 3205 3134 1.91 1.69 1.04 1.1
SLAIN2 1260 1168 852 838 0.34 0.11 0.37 0.75
KIAA1462 172 151 357 342 1.22 1.34 2.42 3.5
PTMS 9261 8026 10581 10745 0.79 0.81 0.71 0.74
EP400 4132 3580 4824 4870 0.61 0.54 0.19 0.31
ZSWIM5 246 198 331 397 2.23 1.93 4.06 3.2
KIAA1522 2300 1955 3282 3349 0.87 0.91 0.39 0.53
PHF12 1357 1136 2003 1940 2.14 2.04 1.5 1.56
UVSSA 589 508 731 763 2.05 1.87 1.3 1.38
CALCOCO1 865 776 1668 1587 1.96 2.17 1.41 1.27
RNF213 12909 11220 16286 16248 2.21 2.27 1.78 1.72
ZNF317 964 766 1119 1113 2.49 2.65 2.83 2.81
NCKAP5L 942 900 1620 1642 1.2 1.12 0.87 0.89
MIER1 411 358 242 283 1.88 1.73 2.21 2.1
PTPN3 969 848 1389 1574 2.13 1.68 1.29 1.12
TRIB3 812 700 614 572 2.54 2.43 2.02 2.01
RAP2C 695 581 410 394 0.95 0.9 1.06 0.95
PTPN14 4429 3789 2239 2176 0.25 0.27 0.25 0.25
PTPRJ 1827 1492 1383 1379 2.12 1.71 1.3 1.4
PEX19 884 704 424 409 0.35 0.22 0.41 0.57
PXN 2573 2178 2934 3077 1.76 1.9 1.29 1.15
SCAF1 1658 1493 2887 2985 1.94 1.95 1.38 1.49
KMT2C 2852 2432 3719 3760 1.32 1.45 1.54 1.52
RAB1A 1715 1420 1219 1199 2.09 2.16 1.88 0.96
BCAT2 1455 1218 1081 1191 0.12 0.18 0.32 0.35
RALGDS 1218 1051 1398 1375 1.04 0.6 1.38 1.21
RANBP2 2819 2455 2948 2984 1.41 1.32 0.71 0.65
KDM5A 1698 1455 2067 1989 1.63 1.53 0.96 1.12
CCND1 1969 1732 2264 2244 0.83 0.53 0.2 0.1
RCN1 7340 6135 4586 4522 1.21 1.09 1.21 1.13
RELA 1217 1068 1458 1434 2.07 1.79 1.47 1.41
REST 1269 1186 1702 1674 2.59 2.17 2.63 2.44
BCL2L1 1152 1083 1538 1516 1.3 1.16 0.73 0.92
RING1 1036 941 1743 1800 1.7 1.85 1.12 1.07
BCL3 631 534 1016 1012 1.78 2.15 1.05 1.17
BRD2 7392 6192 8553 8609 1.75 1.78 1.28 1.27
RNF6 886 681 559 592 0.79 0.9 1.24 1.07
FASTKD5 337 259 212 215 1.95 1.94 2.12 2.11
ATG101 568 509 636 668 2.4 2.38 1.72 1.53
FKBP10 3584 3100 3646 3666 1.71 1.74 1.22 1.29
RPL4 38888 32658 30096 29577 0.77 0.75 0.73 0.69
RPL19 20365 17682 17997 17929 0.42 0.42 0.49 0.47
RPL29 15790 13602 13689 13487 1 0.87 0.46 0.49
RPS6KB1 1104 991 662 700 2.07 1.69 2.23 1.97
RRBP1 5214 4844 9325 10136 1.38 1.42 0.63 0.93
RXRA 2252 2004 3505 3466 2.33 2.15 1.5 1.54
RXRB 1172 1021 1268 1323 1.51 1.54 0.94 0.92
S100A4 2896 2470 3120 3091 0.79 0.8 0.5 0.49
S100A6 3999 3593 3154 3113 0.89 0.83 0.54 0.56
S100P 582 461 883 876 1.14 1.26 0.86 0.83
BICD1 973 836 1341 1404 1.76 1.7 2.1 2.1
KIF13A 4205 3440 5165 5013 1.99 1.96 1.32 1.36
SECTM1 292 242 825 822 2.14 2.34 1.64 1.74
SEMA3F 893 753 1419 1421 2.32 2.41 1.86 1.67
PERP 2782 2224 1334 1298 1.3 1.49 0.59 0.66
GAL3ST2 23 22 51 52 1.61 1.13 2.97 3.15
SMOC1 9788 8261 12765 12903 1.04 1.36 0.5 0.36
IRF2BPL 641 520 1108 1056 2.66 2.85 1.96 2.18
PJA1 606 535 909 846 1.26 1.47 1.79 1.75
TOR3A 451 395 327 313 2.47 2.37 2.75 2.54
MLST8 1765 1551 1873 1889 1.87 1.85 1.4 1.21
SRSF1 4979 4177 2897 2785 0.17 0.29 0.34 0.25
SRSF3 4261 3563 2474 2404 0.12 0.11 0.42 0.34
FBRS 884 726 1236 1262 1.21 1.17 0.92 0.47
RNF25 250 252 362 371 2.45 1.97 1.45 1.59
LMBR1 1604 1410 955 946 2.42 2.04 1.69 1.7
KIAA0754 1364 1202 2146 2144 0.78 0.83 1.04 1.01
LOC643406 1819 1590 1266 1175 0.4 0.35 0.67 0.79
NXN 2052 1841 2368 2393 1.4 1.25 0.55 0.48
MPP5 1482 1307 1178 1071 1.45 1.21 1.65 1.5
INF2 3771 3283 5421 5539 0.77 1.16 1.66 1.04
MRPS25 1722 1416 1142 1139 2.08 2.12 1.36 1.29
SMIM10 1565 1319 1226 1267 1.41 1.46 1.76 1.71
SGK1 10479 8916 5184 4977 1.6 1.56 1.09 1.19
SH3BP2 2227 1972 2376 2347 0.96 0.98 0.73 0.76
LPPR2 892 725 1277 1300 1.02 1.17 0.55 0.74
C16orf58 1437 1201 1624 1745 1.18 1.46 0.85 0.78
MARC1 3052 2457 2340 2332 1.84 1.83 1.43 1.43
SIAH2 611 504 450 450 2.46 2.76 2.93 2.61
RBM15 1556 1387 1965 2016 0.34 0.31 0.13 0.17
DDX31 931 789 611 642 0.28 0.3 0.33 0.34
LINC00657 5732 4706 3489 3443 2.48 2.39 2.42 2.46
ST6GAL1 246 239 332 332 1.57 1.56 0.7 0.69
ARV1 393 370 260 251 1.01 0.91 1.09 1.01
ST3GAL2 909 752 1255 1214 0.1 0.11 0.1 0.1
FAM129B 8118 6882 10843 11106 1.79 1.83 1.13 1.2
SKIL 605 503 483 426 1.27 1.25 1.84 1.81
PINK1 2074 1893 2254 2231 1.87 1.67 1.74 1.85
NOL6 1553 1385 1292 1312 2.45 2.37 1.91 1.96
SLC1A4 948 812 1159 1177 2.65 2.84 2.23 2.14
UPF3A 1333 1136 1781 1759 1.23 1.51 0.67 0.58
INTS3 3381 2972 4051 3988 1.43 1.33 0.78 0.87
WNK1 13407 11506 17329 17041 1.93 1.97 1.98 2.01
NADK 1983 1723 2413 2287 1.06 1.22 0.66 0.66
SNAI1 359 310 228 225 2.09 2.01 1.39 1.05
FSCN1 11140 9967 16785 17411 1.14 1.07 0.51 0.5
SNRNP70 7360 6413 8480 8556 1.08 1.04 0.41 0.69
SNRPD2 3637 3146 2910 2742 0.3 0.2 0.25 0.3
SNRPE 648 565 225 234 0.23 0.3 0.39 0.33
SNTA1 645 544 762 702 2.45 2.49 1.9 1.83
SNTB2 3218 2749 2011 1968 2.96 2.96 3.43 3.49
CAPN15 1183 1051 929 996 0.88 1.22 0.41 0.59
SON 6135 4991 4710 4635 1.95 1.83 2.09 2.18
SOS1 1418 1278 1574 1535 2.3 2.13 2.29 2.2
SOX4 2102 1842 3086 3068 1.6 1.53 1.73 1.73
SOX12 1089 994 1622 1718 1.59 1.54 1.09 1.07
SP2 590 513 1005 1022 1.72 1.91 0.78 1.41
DST 3763 3275 3071 2953 1.83 1.58 2.18 1.95
FOXL2 545 461 711 762 1.54 1.52 0.94 1.08
SPR 464 419 608 663 2.17 1.87 1.15 1.01
SPTBN1 13008 10822 18584 18598 0.78 0.62 0.91 0.86
SRP14 6743 5991 5247 5208 0.35 0.24 0.64 0.73
SRP68 2617 2163 1782 1687 2.33 2.41 2.8 2.54
SRP72 5605 4705 3569 3574 0.26 0.26 0.61 0.48
SRPK1 2787 2310 1897 1851 1.06 1.11 1.19 1.25
SRPK2 1257 1146 1435 1410 2.95 2.31 1.86 1.68
SSFA2 2126 1857 1233 1216 0.14 0.12 0.18 0.15
SSR2 2976 2637 1735 1726 2.13 2.08 1.5 1.34
STAT5B 3595 3199 2867 2924 0.72 0.68 1.05 0.94
HSPA13 863 676 436 415 2.39 2.43 2.9 3.09
STIM1 764 668 1094 1044 1.41 1.61 0.68 0.78
STK4 2501 2022 1364 1321 2.45 2.46 1.71 1.77
STK10 1038 917 1524 1445 1.6 1.38 2.41 2.67
BSG 10697 9246 10994 11295 0.58 0.63 0.67 0.53
SUPT4H1 504 423 380 342 1.91 1.73 1.07 1.3
SUPT6H 3028 2491 4898 4815 2.03 1.83 1.25 1.28
SVIL 3061 2722 4076 3832 0.15 0.15 0.14 0.17
TAF1 2132 1823 2240 2148 2.17 2.26 1.05 1.16
BTF3 5548 4712 3875 3739 0.32 0.26 0.28 0.23
TAP2 1281 1054 937 942 2.56 2.71 1.76 1.29
TAPBP 5576 4859 5794 5858 1.09 1.12 0.91 0.87
TBL1X 3091 2579 3823 3824 1.14 1.21 1.47 1.19
TBP 507 476 636 641 1.39 1.4 0.7 0.39
FAM86DP 284 265 365 360 1.38 1.06 2.33 1.57
TBX3 443 389 640 666 1.38 0.9 1.61 1.48
ZNF354A 251 213 156 135 0.63 0.82 1.33 1
TCF19 1361 1152 2026 2188 0.91 0.97 1.07 1.06
DYNLT1 407 340 242 235 0.28 0.23 0.64 0.58
TEAD1 4933 4161 3276 3378 0.78 0.75 0.61 0.5
TERF1 1076 950 816 818 1.43 1.08 1.42 1.61
TERF2 1326 1144 1593 1495 2.02 2.09 2.6 3.42
TFAP2A 1810 1547 2452 2524 2.18 1.91 1.4 1.32
TFE3 2278 1969 2425 2336 1.42 1.49 0.85 0.71
TFRC 4537 4012 3128 3014 1.65 1.69 1.11 1.1
KLF10 876 840 1160 1222 1.39 1.18 0.88 0.75
TIMP2 5097 4424 7585 7596 1.53 1.5 1.09 1.1
TK1 2129 1827 3220 3338 1.47 1.47 0.51 0.62
SEC62 944 750 727 689 1.18 1.1 1.25 1.27
TMOD1 440 406 1124 1021 0.8 0.64 1.09 1.28
TMSB4X 7992 6708 9185 9077 1.18 1.21 0.59 0.58
TNFAIP1 1305 1136 1688 1648 2.47 2.4 1.95 1.97
TNS1 1911 1612 2136 2232 1.4 1.88 0.74 0.68
TOP3A 1287 1110 1864 1752 1.67 1.54 1.33 1.26
TPI1 15038 12620 12142 12508 0.08 0.12 0.32 0.26
TPT1 16973 14513 12320 12008 1.63 1.66 0.98 0.89
TRAF2 2258 1904 2254 2414 1.84 1.88 1.27 1.19
TRAF5 722 602 541 563 3.1 3.07 3.38 3.37
TSPYL1 1153 968 1244 1200 2.95 2.96 2.44 2.47
TTC3 4129 3384 3521 3397 0.79 0.64 0.2 0.36
TUBA4A 3505 3098 2140 2153 1.31 1.32 0.86 0.88
TUBG1 2977 2468 2865 3020 1.6 1.5 1.14 1.02
LOC728752 978 868 1139 1212 0.96 1.01 0.52 0.51
TMEM242 161 126 96 91 1.72 1.45 1.93 2.02
TYK2 1755 1573 2309 2339 1.72 2.07 1.32 1.33
SHISA9 5363 4453 3869 3759 0.24 0.35 0.51 0.45
UBA1 13494 11622 14006 13958 0.85 0.83 0.85 0.84
MRPL49 928 899 774 762 0.37 0.34 0.9 0.82
VCP 6269 5349 6331 6249 0.42 0.65 0.59 0.52
VEGFB 750 665 798 876 2 2.12 1.47 1.31
CLIP2 871 769 1306 1288 0.77 0.78 0.58 0.57
WHSC1 6448 5377 7616 7334 1.87 2.04 1.79 1.71
NELFA 1000 843 1286 1322 1.23 1.2 0.77 0.48
WNT7B 798 642 869 932 1.89 1.87 1.5 1.24
YES1 2205 1739 1534 1568 1.48 1.73 0.68 0.78
YWHAE 13080 11164 7655 7412 0.89 0.96 1.13 0.97
SF1 3594 3041 4970 5013 1.04 1.2 0.43 0.52
ZFX 2812 2206 2056 1958 2.59 2.75 2.69 2.73
ZNF8 1728 1467 1757 1766 2.14 2.03 2.14 2.13
ZKSCAN1 2281 1929 2598 2608 2.1 1.84 2.5 2.18
ZNF37A 578 528 448 448 1.44 1.56 2.54 2.44
MZF1 562 471 636 693 1.99 1.74 1.25 0.68
ZNF76 696 566 1011 1038 2 1.92 1.22 1.11
ZNF79 173 156 254 204 0.89 1.19 1.32 1.5
ZNF121 578 532 426 406 2.01 1.8 1.94 1.96
ZNF146 1445 1189 929 930 1.24 1.31 1.76 1.81
TRIM26 1414 1234 2357 2344 2.13 2.02 1.29 1.33
ZNF180 112 94 66 64 1.04 0.58 1.61 2.14
ZNF189 152 121 210 198 2.21 1.83 2.6 3.43
ZNF217 1173 946 1452 1281 2.16 2.3 1.67 1.74
ZNF230 90 90 59 48 1.29 1.36 2.38 1.83
PRDM2 766 633 898 866 1.66 1.57 1.93 1.82
DDR1 2401 2108 4420 4550 1.96 1.87 1.32 1.3
DAP3 2674 2141 1965 1930 1.53 1.62 0.99 0.97
PXDN 22024 18931 14240 14386 1.8 1.77 1.87 1.91
CACNB3 568 492 847 805 2.68 2.71 1.97 1.92
CXCR4 1259 1060 982 952 2.49 2.44 2.38 2.45
BRPF1 1960 1710 3519 3449 1.7 1.77 1.12 0.9
MANF 902 755 603 656 1.38 1.31 1.65 1.52
C7orf49 451 388 549 549 0.97 0.87 0.36 0.51
VKORC1 334 267 216 209 1.79 1.78 1.01 1.09
C19orf43 710 595 748 778 2.02 2.08 1.55 1.67
DBNDD1 567 445 808 842 1.85 2.05 1.26 1.23
AHNAK 16838 14083 27715 27317 1.7 1.73 1.25 1.23
ZNF655 1425 1075 989 997 0.74 1.09 2.12 1.52
NABP2 854 724 946 964 1.41 1.7 0.97 0.7
DDX54 3998 3508 4265 4471 1.64 1.84 1.26 1.35
REEP5 1605 1372 1030 1021 0.54 0.52 0.79 0.64
TMEM223 309 287 198 218 2.54 2.38 2.75 2.51
ELOVL6 460 398 327 301 1.9 1.53 0.92 1.03
FASTKD3 463 393 220 181 0.33 0.33 0.46 0.57
C11orf49 1101 1005 1486 1465 1.68 1.53 1.13 1.07
RNF26 1305 1128 964 952 2.11 2.06 1.72 1.72
PPDPF 2245 1910 3275 3232 0.99 1.09 0.64 0.57
C17orf62 1067 912 1235 1206 2.58 2.65 2.19 2.21
CHPF 907 729 984 1043 0.74 0.71 0.19 0.23
MRPL24 1488 1283 1571 1640 0.48 0.35 0.57 0.61
SAP130 857 745 1099 1127 0.86 0.73 1.19 0.99
RNF219 186 196 120 144 0.76 0.97 1.27 1.52
SNRNP25 609 510 732 794 2.54 2.58 1.75 1.88
OGFRL1 258 238 314 341 2.72 2.49 2.83 2.67
C22orf46 475 447 1133 1089 0.98 0.94 2.04 2.34
CHMP6 231 194 375 344 2.27 1.95 2.34 2.36
C22orf29 1480 1253 1540 1571 1.95 1.99 1.6 1.43
ZNF322 961 785 425 477 2.11 2.05 2.36 2.3
VPS37B 665 621 956 1017 2.32 2.23 1.68 1.5
EHMT1 2865 2425 3723 3801 2.02 2.04 1.16 1.02
QSER1 3134 2548 2428 2315 0.52 0.54 0.85 1.19
GEMIN6 330 300 220 224 1.71 1.59 1.86 1.78
PIP4K2C 500 434 252 314 2.55 2.99 1.69 1.45
CPSF7 1756 1508 2097 2159 2.17 2.11 1.28 1.24
DCAKD 670 563 990 1085 1.51 1.3 0.68 0.5
ZNF672 733 640 1016 1030 1.18 0.97 0.72 0.73
NAA60 906 765 1128 1241 2.39 2.36 1.69 1.5
ATAD5 652 588 374 344 1.63 1.5 2.28 2.38
TCEAL4 1522 1323 1920 2004 0.77 0.74 1.06 0.86
KIAA0319L 1711 1484 1811 1893 1.77 1.43 1.11 0.95
L2HGDH 3351 2797 2342 2279 1.01 0.93 1.11 1.31
PLEKHH3 1048 934 1522 1699 2.21 2.24 1.48 1.43
NAA25 1555 1255 734 681 1.2 1.36 1.59 1.68
FBXL18 1683 1520 1979 2042 0.6 0.62 0.45 0.47
LRRC8E 294 264 361 376 2.15 1.86 1.28 1.26
EDC3 1246 1036 1706 1556 2.05 2 1.12 1.57
CCDC92 770 630 1320 1329 1.53 1.71 1.01 1.03
MTERF2 404 277 242 263 1.66 1.84 2.03 2.01
CCDC6 3275 2668 2576 2586 1.95 2.1 1.54 1.53
FLAD1 1344 1222 1086 1093 0.36 0.31 0.1 0.03
CXXC4 205 171 260 238 0.12 0.19 0.36 0.24
ULBP1 228 183 141 121 1.14 1.22 1.37 1.52
DNAJC5 2522 2256 3470 3552 1.25 1.22 0.77 0.64
WDR82 2688 2289 2243 2204 3.08 3.31 3.27 3.32
CD276 2173 1728 2814 2911 1.04 1.29 0.5 0.43
TTYH3 2744 2470 3301 3463 1.69 1.7 1.27 1.11
PRR3 787 637 524 550 1.74 1.86 1.65 1.65
THUMPD2 279 226 154 138 0.34 0.18 1.15 1.42
CPTP 282 241 439 454 2.25 2.1 1.66 1.68
CYB5B 2437 2089 1536 1414 1.1 1.26 1.26 1.36
CALM3 2402 2033 3754 3841 1.73 1.8 1.28 1.23
DDHD1 778 647 449 389 0.34 0.32 0.54 0.52
DUSP16 2581 2264 2073 2123 1.57 1.37 0.77 0.76
ZFP91 1228 1030 754 813 2.14 2.16 2.28 2.02
KMT2D 7000 6041 9575 9781 2.74 2.71 2.13 2.25
SH3BP5L 872 731 1116 1167 1.98 2.73 1.24 1.21
CALR 20874 17929 23022 22983 1.77 1.92 1.13 1.15
CALU 6870 5790 4931 4595 1.69 1.64 1.31 1.34
SLC7A5 24004 21041 28531 28520 1.55 1.54 1.16 1.15
PTDSS2 260 218 439 448 0.77 0.89 1.29 1.63
SYNC 161 156 436 382 0.46 0.58 1.4 1.39
HM13 1969 1670 2309 2410 1.35 1.25 0.54 0.53
SGPP1 842 710 425 418 1.95 2.02 0.81 1.15
TRIM11 673 552 791 778 2.2 2.13 1.47 1.65
NDEL1 1072 868 1349 1327 1.56 1.8 1.22 0.92
CLPB 1452 1177 1570 1616 1.87 2.12 1.5 1.43
CCDC130 481 409 565 554 3.03 2.82 2.44 2.17
GFOD2 1118 1002 893 879 1.72 1.5 1.19 1.3
PLA2G12A 653 592 442 440 0.7 0.45 1.12 0.88
NIPA2 849 781 499 460 1.68 1.44 0.7 0.93
TSC22D4 743 651 1210 1230 1.74 1.68 1.47 1.31
SF3A2 1264 1111 1680 1708 1.27 1.11 0.27 0.4
ELL 532 501 918 881 0.5 0.47 0.14 0.2
TRIM56 939 762 1064 1026 1.62 1.61 0.87 1.13
SLIRP 962 825 377 381 0.2 0.2 0.39 0.36
CABLES2 409 352 968 1011 1.92 1.86 2.12 2.11
NCOA3 2404 2035 2468 2508 1.32 1.37 0.79 0.84
DGCR14 532 482 769 841 2.26 1.95 1.62 1.62
CAPN1 1664 1521 2322 2292 1.63 1.38 0.93 0.81
ARID1A 2762 2445 4785 4837 1.93 1.98 1.56 1.43
AXIN2 352 294 405 403 1.26 1.56 2.23 2.06
FZD6 719 590 324 267 1.5 1.66 1.57 1.96
CARS 2083 1782 1614 1678 1.44 1.54 1 1.01
SF3B5 707 660 559 589 2.22 2.08 1.8 1.69
GSG1 461 403 352 333 0.36 0.49 0.73 0.98
EPPK1 1512 1272 3351 3442 2.38 2.53 1.87 1.79
THAP2 181 147 83 71 1.63 1.37 2.57 2.21
NUDT12 331 261 202 185 1.73 1.9 1.19 1.02
TMEM47 604 491 294 306 1.18 1.3 1.29 1.35
ZMIZ2 1418 1273 1684 1675 1.03 1.16 1.25 1.08
PARP9 317 232 337 357 0.68 0.58 1.14 1.05
SESN2 779 674 840 850 2.07 2.16 1.61 1.61
TRAPPC9 557 437 683 699 1.96 2.12 1.23 1.2
GRWD1 1425 1203 1477 1548 2.61 2.52 2.27 2.09
LONP2 2226 1889 1427 1449 2.15 2.21 2.4 2.3
TMTC1 1998 1664 2318 2266 2.47 2.6 3.05 2.82
RAB34 792 679 570 649 1.5 1.6 1.08 0.69
FAM234A 1398 1166 1482 1503 1.45 1.45 0.74 0.61
SLC25A11 1271 1175 912 924 1.58 1.27 1.03 0.75
OBSCN 6474 5598 9417 9425 0.26 0.31 0.19 0.14
TMEM222 315 284 388 382 1.57 1.32 1.85 1.94
FAM160A2 524 450 562 652 0.47 0.72 1.06 0.95
KBTBD7 372 327 625 636 3.04 2.79 2.91 2.77
USP42 1037 827 1118 1087 1.41 1.8 1.34 1.44
NLRC5 827 692 1023 957 0.97 1.2 2.63 1.91
C19orf44 435 366 519 507 0.32 0.32 0.35 0.36
MEX3B 89 63 216 220 1.5 2.23 2.69 2.28
MED10 462 449 334 365 1.78 1.65 1.33 1.08
LDOC1L 2292 1913 2409 2493 2.38 2.43 1.9 1.9
SLF1 1656 1396 899 861 2.47 2.56 2.62 2.56
C7orf50 1036 877 1197 1277 1.21 1.16 0.63 0.54
ELOF1 770 699 907 1035 1.13 1.09 0.58 0.42
RECK 515 432 268 294 2.98 2.31 1.34 1.64
COG8 660 555 818 777 2.39 2.46 2.65 2.52
ARFGAP2 1363 1097 1412 1444 2.32 2.26 1.39 1.3
DOT1L 2058 1779 2380 2333 2.01 2.5 0.6 0.78
DYRK2 892 716 444 504 0.81 0.92 1 0.92
SLX4 834 746 1116 1098 0.4 0.66 0.94 0.91
CUL4A 3206 2627 2071 1953 2.36 2.15 2.34 2.51
PPAPDC1B 323 254 188 180 2.23 2.35 3.31 3.2
MCM8 861 781 708 666 0.65 0.87 1.11 1.31
CUL2 818 713 490 511 2.2 1.9 0.67 0.98
CUL1 1695 1437 1271 1215 3.09 3.02 3.31 2.93
MAK16 681 567 393 364 1.11 0.97 1.63 1.18
KLF11 743 605 795 804 1.6 1.74 1.35 1.41
ZNF469 499 411 569 547 2.73 2.02 2.97 2.47
TNRC18 3580 3032 6115 6341 2.07 2.15 1.38 1.42
GLYR1 1483 1281 2388 2361 1.63 1.62 1.09 0.99
FAM126A 848 693 503 477 2.19 2.11 1.56 1.32
PPP1R9B 3207 2783 4757 4922 1.27 1.17 0.53 0.43
PRRC2B 12094 10250 18845 18961 1.74 1.76 1.34 1.39
CBX2 2185 1951 3020 3070 2.29 2.23 1.84 1.86
B3GNT9 181 182 373 343 1.22 1.18 0.14 0
SUV420H2 595 564 966 971 2.61 2.6 1.53 1.68
OFD1 605 522 698 654 0.52 0.43 0.25 0.4
C1orf198 2350 2133 1655 1768 1.36 1.42 0.94 0.75
ZNF587 2047 1781 1633 1634 1.67 1.74 1.91 1.87
PPP1R15B 5746 4898 2570 2627 2.48 2.4 2.43 2.44
MUM1 1132 992 1361 1397 1.47 1.44 1.54 1.45
ABHD13 300 262 148 115 0.68 0.66 0.34 0.49
PRPF38A 1375 1213 1070 1029 0.85 0.7 1.14 1.47
DISP1 444 319 492 458 2.41 2.46 3.19 2.81
COX14 432 364 246 235 0.82 0.88 0.92 0.86
PARG 887 719 658 600 0.95 1.07 1.29 1.31
KCNAB2 879 792 1379 1449 2.07 2.06 1.22 1.21
YBX3 6663 5742 6808 6813 0.9 0.89 1.25 1.19
SYDE1 2130 1839 2596 2635 2.59 2.68 2.12 2.22
DNAJC14 1500 1232 1539 1542 1.71 1.86 1.78 1.78
DISP2 39 41 105 113 0.88 1.39 2.06 2.51
TNKS1BP1 2403 2047 3876 4008 2.13 2.18 1.69 1.65
TANC1 1571 1273 1849 1824 1.75 1.62 1.98 2.07
FHDC1 543 495 946 1018 1.51 1.45 1.66 1.69
SSH2 846 664 1297 1320 1.76 1.84 2.11 1.96
BHLHE40 2401 2132 1808 1925 2.58 2.58 2.29 2.19
PIAS1 714 624 554 499 0.14 0.13 0.18 0.21
CDK10 1012 922 819 799 1.87 1.59 1.01 1
RRP1 1073 1005 1179 1287 2.76 2.47 2.02 1.77
CAV1 1809 1606 903 835 1.51 0.95 1.7 1.94
FAM193A 773 652 1156 1107 1.69 1.83 1.81 2.13
STC2 1696 1389 916 978 2.45 2.4 2.41 2.54
DYNLL1 3490 2979 2905 2877 2.65 2.56 2.23 2.23
EIF3A 10955 9159 13398 13303 0.43 0.39 0.21 0.19
EIF3I 3903 3468 2494 2569 0.37 0.73 0.96 0.75
PEA15 1622 1426 966 1074 0.05 0.2 0.34 0.17
HYAL2 1472 1312 1632 1670 1.93 1.97 1.64 1.65
ACTN1 4992 4376 6368 6436 1.16 1.17 0.27 0.28
B3GALT4 73 64 162 174 2.14 1.65 2.73 2.48
SERPINH1 1793 1593 2111 2059 1.33 1.25 0.85 1.05
PAGE1 759 658 533 546 0.15 0.11 0.33 0.42
NAPG 629 517 257 273 1.14 1.02 1.73 1.45
CCNK 1230 1070 1350 1409 0.23 0.28 0.34 0.33
BANF1 1626 1400 1189 1099 0.34 0.4 0.56 0.55
DCAF5 1372 1192 1684 1649 2.28 2.41 2.44 2.4
DPM2 943 822 1045 1122 1.76 1.69 1.3 1.29
CES2 1443 1206 2238 2377 2.27 2 1.04 1.34
SYNGAP1 763 674 1017 1022 2.01 1.85 1.2 1.45
IER3 1196 1111 1403 1361 2.24 2.18 1.79 1.84
MCM3AP 2353 2032 2734 2827 0.3 0.24 0.15 0.11
AP1M1 1243 1135 1830 1870 1.91 1.58 1.36 0.77
WASF1 457 366 589 589 1.79 1.55 1.33 1.22
AP3D1 4266 3685 4986 4905 1.77 1.61 0.84 1.08
HIST1H2AG 743 678 850 914 1.09 1.17 1.35 1.23
H1FX 2996 2640 3765 3853 0.47 0.45 0.48 0.41
NAV1 1572 1453 1920 1924 0.2 0.18 0.13 0.12
LHX4 183 149 217 256 1.84 1.96 1.37 1.34
WDR34 2576 2188 2783 2797 0.96 1.01 1.07 1.13
CCNF 1623 1358 1658 1670 2.58 2.68 2.22 2.07
SAPCD2 1394 1289 933 1042 1.68 1.67 2.04 1.89
PHLDB2 4655 3961 5390 5326 1.83 1.93 1.5 1.44
C9orf69 918 823 1225 1323 2.38 2.41 1.8 1.77
TAF1C 980 822 1172 1101 2.48 2.53 1.8 2.06
KLHL13 701 526 394 393 0.32 0.37 0.36 0.34
BAZ1B 4538 3927 5434 5450 1.08 1.01 1.12 0.85
FAM110B 256 217 432 386 2.57 2.64 3.07 2.96
TICRR 1145 915 1278 1291 1.74 1.61 0.93 0.98
MCFD2 2379 2018 1735 1650 1.36 1.33 1.35 1.39
BMF 413 336 1165 1185 1.96 2.28 2.39 2.29
RPL14 14117 12283 11079 11264 0.18 0.18 0.17 0.2
LINC00473 4006 3354 2698 2768 1.17 1.18 1.21 1.17
TRIM41 1140 1049 1392 1409 0.53 0.46 0.23 0.16
ACVR1B 456 404 523 533 2.79 2.6 1.97 1.82
SEC22C 1078 913 881 778 2.97 2.7 3.59 3.78
SLC16A6 543 450 331 357 1.57 1.47 1.59 1.54
BOD1 1124 955 816 824 1.43 1.6 1.76 1.82
MSANTD3 364 334 113 123 0.68 0.79 0.91 0.72
DYRK1B 338 283 764 810 2.39 1.97 1.01 1.23
TMSB10 11210 9759 12435 12513 0.66 0.62 0.21 0.22
ELMSAN1 1234 1076 1718 1630 0.07 0.09 0.11 0.16
ARHGEF2 2873 2476 3858 3795 2.39 2.46 1.85 1.68
ZMYM3 2732 2268 2889 2921 0.76 0.9 0.58 0.53
LRRFIP1 3976 3291 4600 4454 0.74 0.67 0.94 1.15
MTSS1L 4084 3476 5292 5471 2.05 1.95 1.64 1.57
CCPG1 228 215 154 144 1.46 1.35 1.88 1.79
MRRF 1494 1187 919 940 1.56 1.65 0.98 0.72
TIMM50 1898 1622 1312 1324 1.02 0.82 1.95 2.05
TIFA 135 130 72 95 2.57 2.14 3.24 2.73
BCL7B 621 529 767 773 1.85 1.72 1.27 1.36
COPB2 13158 10999 8897 8659 0.18 0.22 0.27 0.32
ZBTB22 451 377 719 810 2.03 2.19 1.66 1.56
CENPBD1 372 353 523 487 2.09 1.99 2.21 2.39
ADGRG1 5012 4464 5610 5354 2.19 2.17 1.92 1.97
SRSF11 4001 3539 4362 4396 1.33 1.27 2.01 2.08
COQ10A 272 205 159 155 1.53 1.78 0.61 0.87
ZNF561 599 492 426 432 2.26 2.12 2.64 2.66
COPS2 1773 1382 841 783 2.41 2.42 2.89 2.77
B4GALT5 2297 1985 1442 1478 1.95 1.92 2.01 1.88
SLC9A3R2 936 752 1232 1252 1.75 1.95 1.3 1.48
KIF3B 2492 2035 3770 3826 2.35 2.38 1.84 1.67
CIAO1 1636 1369 1281 1161 2.66 2.73 2.68 2.86
TGFBRAP1 341 276 388 430 1.65 1.4 2.01 2.06
HS6ST1 963 857 1933 2024 2.3 2.33 1.78 1.64
FOXP2 129 108 179 178 1.3 1.58 9.29 9.24
HTRA3 835 773 395 403 2.75 2.94 1.92 1.57
LENG9 118 129 195 201 3.05 2.87 1.8 1.67
NTN1 1045 976 1121 1223 1.36 1.26 0.82 0.8
MAP4K4 1974 1628 3052 3056 0.07 0.08 0.13 0.16
CHST3 517 471 660 659 1.85 2.03 2.35 2.45
MED20 462 383 271 280 3.81 3.82 2.55 2.4
PGS1 683 580 752 782 0.32 0.33 0.23 0.26
LITAF 1816 1526 974 1029 2.2 2.23 2.54 2.35
GOSR1 3327 2872 3350 3420 1.59 1.62 1.15 1.13
BAG4 355 293 197 215 2.15 2.15 2.49 2.25
BAG3 759 649 1069 1021 1.42 1.42 0.99 1.01
ENTPD2 190 186 348 391 1.89 2.29 1.64 0.93
RAB3D 913 827 1355 1353 2.59 2.31 1.87 1.73
ATP5J2 1534 1371 1115 1035 0.31 0.3 0.33 0.31
MRPL33 384 294 202 175 0.89 1.02 1.39 1.35
H6PD 1086 899 1316 1411 1.94 1.99 1.58 1.53
BCAR1 1552 1255 2253 2223 1.61 1.8 1.19 1.27
CLOCK 1142 921 804 807 1.24 1.44 0.66 0.89
CDC42BPB 3086 2750 4462 4417 1.98 1.68 1.02 1.31
KIF20B 1220 1059 837 808 1.23 1.2 1.9 1.55
CD44 3564 2991 2541 2580 0.78 0.65 1.1 1.03
NCOR2 6936 6143 12740 13256 1.51 1.61 0.87 0.62
TRAF4 1234 1038 1521 1521 2.22 2.26 1.82 1.74
MORF4L2 3607 3016 2984 2926 1.3 1.39 1.43 1.36
SH3PXD2A 2441 1980 2757 2785 0.74 0.8 0.63 0.65
MTFR1 612 468 424 444 0.45 0.71 0.73 0.78
MDC1 6869 5719 8701 8502 0.69 0.77 0.91 0.85
CD59 6678 5695 4439 4504 0.32 0.47 0.43 0.51
CD63 1755 1513 1432 1315 0.51 0.67 0.88 0.65
BZW1 3260 2671 1784 1684 0.07 0.13 0.24 0.21
UBE3C 2084 1726 1642 1613 1.33 1.27 0.66 0.72
RAPGEF2 1102 865 1378 1413 2.25 2.4 1.61 1.46
CEP57 1780 1518 1401 1464 0.64 0.4 0.93 1.05
AQR 1913 1614 1198 1257 0.81 0.89 1.15 0.67
UTP14C 890 700 1056 1015 1.47 1.32 1.78 1.59
ZNF646 661 613 1157 1233 0.97 0.91 1.15 0.94
RAB11FIP3 1065 926 1581 1675 1.33 1.49 0.85 0.68
KMT2B 1483 1324 1919 2081 1.77 1.95 1 0.89
ADGRE5 2306 1988 2701 2718 2.24 2.66 1.72 1.66
CD151 2034 1723 1439 1442 0.57 0.53 0.6 0.75
ATG13 1025 904 1161 1109 1.2 1.09 0.52 0.63
KIAA0232 1417 1204 1126 1102 1.51 1.37 1.69 1.84
TBC1D5 1509 1296 1621 1574 1.54 1.74 1.14 1.08
PIEZO1 11122 9841 14488 14734 0.98 1.57 0.21 0.23
MATR3 8195 6940 5612 5430 1.72 1.7 1.27 1.28
SPCS2 417 382 314 301 0.79 0.49 1.09 1.38
PTDSS1 1708 1450 1341 1283 1.55 1.59 1.49 1.66
IP6K1 1068 937 1722 1691 2.79 2.84 2.22 2.26
RNF40 2942 2573 4288 4216 1.76 1.59 0.81 0.97
CTIF 1752 1566 1781 1940 0.86 0.88 1.59 1.3
GIT2 912 842 1290 1251 1.65 1.65 1.09 1.1
RB1CC1 1684 1318 1127 1098 1.3 1.35 1.75 1.61
ARHGAP11A 3275 2752 2523 2504 1.89 1.96 2.24 2.03
RGP1 457 440 628 653 2.03 1.98 1.28 1.25
LCMT2 287 242 424 427 1.11 0.77 1.85 1.48
ZNF518A 192 124 102 110 1.26 0.47 3.63 3.38
PPP1R26 1985 1709 2428 2474 1.07 1.23 0.78 0.84
ZC3H11A 3939 3389 4143 3881 1.93 1.92 2.2 2.05
TBC1D4 1350 1056 1744 1603 2.34 2.71 2.87 2.56
NUAK1 933 846 1251 1216 1.84 1.68 1.4 1.44
TELO2 473 438 525 576 1.53 1.58 0.68 0.82
KLHL21 610 568 717 720 2.37 2.25 1.68 1.68
SEC16A 5974 5002 8558 8527 2.14 2.14 1.63 1.51
IQSEC1 1481 1265 1729 1756 2.5 2.33 1.91 1.97
ZBTB40 1367 1155 2006 1954 2.09 1.94 1.4 1.25
JOSD1 1274 1017 1399 1331 0.78 0.64 0.85 1.06
WDR1 5323 4465 6693 6676 0.71 0.6 0.27 0.29
CDC25C 630 570 496 440 1.22 1.01 1.61 1.68
CDC27 2535 2004 1794 1671 2.71 2.85 2.15 1.72
THRAP3 4480 3694 5245 5197 1.02 1.1 1.08 1.13
MED13 2113 1772 1000 1000 2.7 2.38 2.9 2.83
CDC34 863 781 1122 1095 2.15 2.09 1.21 1.41
DGCR2 1103 910 1922 1940 2.38 2.32 1.68 1.62
